32768	9266.609160
32768	9084.796240
32768	9011.647320
32768	8974.663240
32768	8966.197080
32768	9068.531480
32768	9046.045720
32768	9239.730200
32768	9187.187880
32768	9159.109120
65536	12719.198940
65536	12734.481380
65536	12640.820440
65536	12693.838580
65536	12642.995220
65536	12881.925000
65536	12664.124760
65536	12794.140900
65536	11615.221420
65536	12728.472800
131072	12845.787370
131072	12833.571990
131072	13662.003650
131072	13691.431200
131072	13728.780400
131072	13547.923020
131072	13683.155960
131072	13729.908930
131072	13563.299860
131072	13688.780710
262144	13899.129650
262144	13590.112515
262144	13853.213560
262144	13922.060795
262144	13750.756080
262144	13850.540865
262144	13853.128685
262144	13837.227445
262144	13631.051840
262144	13911.600190
524288	13743.813720
524288	13825.153989
524288	13867.225877
524288	13885.526230
524288	13832.702060
524288	13923.929984
524288	13898.662762
524288	13833.747013
524288	13861.108942
524288	13882.683171
1048576	13887.701091
1048576	13998.786671
1048576	14141.727628
1048576	13903.647509
1048576	13963.998363
1048576	13969.548070
1048576	13804.440807
1048576	13815.138510
1048576	13885.261216
1048576	13854.211886
4194304	14142.773391
4194304	13919.763286
4194304	13750.723249
4194304	14036.104623
4194304	13875.898583
4194304	13866.036621
4194304	13848.312376
4194304	13944.322051
4194304	13872.946129
4194304	14036.802181
8388608	13551.003680
8388608	13749.132390
8388608	13664.141039
8388608	13713.433297
8388608	13769.212240
8388608	13737.024102
8388608	13659.998909
8388608	12143.500126
8388608	13381.161566
8388608	13673.610999
16777216	14095.278380
16777216	14131.242410
16777216	13791.339654
16777216	14318.630628
16777216	14301.052788
16777216	14289.677737
16777216	14049.481845
16777216	14076.687287
16777216	13851.557022
16777216	13657.665565
33554432	13466.158624
33554432	13369.069002
33554432	13303.179627
33554432	13532.994516
33554432	13480.095009
33554432	13448.568756
33554432	13531.158642
33554432	13527.681821
33554432	13468.187506
33554432	13550.394438
134217728	14250.217620
134217728	14288.026572
134217728	14282.844080
134217728	14263.323508
134217728	14263.706816
134217728	14269.246079
134217728	14236.833960
134217728	14278.030833
134217728	14265.355850
134217728	14276.804749
268435456	14309.564485
268435456	14289.959905
268435456	14305.388242
268435456	14327.854707
268435456	14299.534856
268435456	13062.750566
268435456	14307.443513
268435456	14314.344648
268435456	14295.507100
268435456	14297.312307
536870912	14336.252908
536870912	14343.107380
536870912	14326.171450
536870912	14313.328103
536870912	14331.282817
536870912	14314.954617
536870912	14336.223831
536870912	14317.428855
536870912	12870.935229
536870912	14318.060764
