32768	9559.528520
32768	8789.576760
32768	8551.818920
32768	8941.908720
32768	8918.376400
32768	8892.965800
32768	8621.456400
32768	8581.549280
32768	8580.358520
32768	8930.959200
65536	12678.059600
65536	12609.424640
65536	12688.689540
65536	12639.109520
65536	12686.923220
65536	12668.447020
65536	12380.934220
65536	12686.680180
65536	12624.612460
65536	12622.215060
131072	12793.826810
131072	13560.254870
131072	13248.045910
131072	13464.664870
131072	13590.650640
131072	13624.604700
131072	13696.443180
131072	13633.886150
131072	13628.534330
131072	13601.601290
262144	13616.351000
262144	13833.324490
262144	13787.175115
262144	13724.036060
262144	13677.271425
262144	13728.298125
262144	13739.459775
262144	13837.609470
262144	13813.299140
262144	13730.299120
524288	13861.176392
524288	13877.950524
524288	13894.904257
524288	13782.071926
524288	13789.507887
524288	13830.506698
524288	13732.273299
524288	13886.220727
524288	13815.471723
524288	13820.606370
1048576	13862.796110
1048576	13845.686206
1048576	13799.388198
1048576	13799.211730
1048576	13645.863681
1048576	13892.545561
1048576	13869.582537
1048576	13895.422313
1048576	13792.491244
1048576	13986.723254
4194304	13639.879307
4194304	13875.356971
4194304	13699.815390
4194304	13893.723920
4194304	13740.083072
4194304	13533.596436
4194304	13610.801544
4194304	13747.721940
4194304	13749.177407
4194304	13543.638041
8388608	13415.309105
8388608	13766.583471
8388608	12485.877494
8388608	12778.206860
8388608	13618.857779
8388608	13613.793649
8388608	13499.237506
8388608	13322.922482
8388608	13647.256633
8388608	13127.361400
16777216	14022.340517
16777216	13798.247350
16777216	13274.629642
16777216	13819.566740
16777216	13846.842067
16777216	14049.691130
16777216	13563.806734
16777216	13848.225694
16777216	13593.947184
16777216	14102.732007
33554432	13343.119096
33554432	13353.914177
33554432	13282.746187
33554432	13272.425697
33554432	12246.570637
33554432	13333.025039
33554432	13368.961151
33554432	13349.976238
33554432	13399.963687
33554432	13277.254654
134217728	13928.829390
134217728	13926.383003
134217728	13949.075923
134217728	13943.121587
134217728	13928.618516
134217728	13948.974824
134217728	13948.389197
134217728	13833.742725
134217728	13823.265842
134217728	13933.085112
268435456	13929.501809
268435456	13940.040608
268435456	13860.364397
268435456	13805.048437
268435456	13970.415669
268435456	13928.988293
268435456	13936.783538
268435456	13949.663372
268435456	13958.248438
268435456	13972.985659
536870912	13999.965847
536870912	13952.134858
536870912	13951.954282
536870912	13943.251616
536870912	13979.286396
536870912	13946.235166
536870912	14020.628777
536870912	13836.182026
536870912	14020.209751
536870912	14001.008740
