64	539.833520
64	529.139560
64	532.470880
64	532.554000
64	531.315880
64	529.198040
64	533.304880
64	530.229720
64	534.612320
64	531.634560
128	494.951520
128	491.661440
128	491.729160
128	491.194880
128	490.882820
128	491.764700
128	494.554020
128	490.734020
128	490.870680
128	489.543400
256	458.350770
256	454.913920
256	455.968460
256	455.173950
256	454.071070
256	454.574530
256	458.038270
256	455.719800
256	457.646420
256	457.192980
512	445.203880
512	444.405820
512	442.874150
512	444.616705
512	441.738630
512	445.175250
512	441.329030
512	445.621505
512	441.314820
512	445.208570
1024	429.728610
1024	430.325445
1024	428.307820
1024	429.759878
1024	424.802338
1024	428.996665
1024	427.664353
1024	427.592345
1024	428.851873
1024	428.175937
4096	420.438241
4096	419.437236
4096	420.108254
4096	420.523024
4096	420.309622
4096	419.124744
4096	420.876325
4096	420.069244
4096	419.163878
4096	420.462307
8192	424.308948
8192	425.031282
8192	423.635930
8192	424.452297
8192	424.611942
8192	424.701036
8192	424.304438
8192	424.026099
8192	423.855800
8192	424.618036
12288	436.296991
12288	429.695684
12288	424.916210
12288	423.869174
12288	429.488549
12288	429.991679
12288	428.103604
12288	423.401833
12288	428.443391
12288	424.013617
16384	435.809205
16384	430.361484
16384	426.401441
16384	428.809245
16384	427.708777
16384	431.837983
16384	427.285483
16384	430.848835
16384	426.472944
16384	422.491167
