1024	570.120000
1024	482.520000
1024	570.960000
1024	643.400000
1024	519.680000
1024	556.520000
1024	568.360000
1024	507.760000
1024	595.160000
1024	588.440000
1024	610.800000
1024	611.880000
1024	513.240000
1024	509.360000
1024	617.000000
1024	600.400000
Starting reads on all files
Waiting till all child processes complete..
Average time is 566.600000
1024	582.240000
1024	562.600000
1024	563.960000
1024	491.520000
1024	544.000000
1024	553.360000
1024	487.880000
1024	489.280000
1024	547.280000
1024	557.360000
1024	558.720000
1024	489.000000
1024	475.480000
1024	563.200000
1024	497.080000
1024	563.400000
Starting reads on all files
Waiting till all child processes complete..
Average time is 532.897500
1024	485.080000
1024	482.720000
1024	495.160000
1024	571.400000
1024	483.800000
1024	576.320000
1024	571.840000
1024	564.640000
1024	567.800000
1024	479.960000
1024	487.800000
1024	481.800000
1024	493.600000
1024	556.080000
1024	563.080000
1024	477.800000
Starting reads on all files
Waiting till all child processes complete..
Average time is 521.180000
1024	493.240000
1024	484.440000
1024	488.280000
1024	497.320000
1024	492.040000
1024	561.720000
1024	549.520000
1024	480.400000
1024	481.360000
1024	479.560000
1024	525.720000
1024	552.360000
1024	480.240000
1024	555.000000
1024	578.120000
1024	477.080000
Starting reads on all files
Waiting till all child processes complete..
Average time is 511.025000
1024	557.360000
1024	487.200000
1024	480.280000
1024	480.160000
1024	496.400000
1024	576.320000
1024	576.120000
1024	564.960000
1024	481.920000
1024	563.280000
1024	560.200000
1024	479.480000
1024	480.400000
1024	492.160000
1024	483.800000
1024	581.200000
Starting reads on all files
Waiting till all child processes complete..
Average time is 521.327500
1024	564.960000
1024	563.000000
1024	487.880000
1024	523.400000
1024	476.200000
1024	563.880000
1024	489.680000
1024	558.000000
1024	550.280000
1024	483.720000
1024	572.600000
1024	497.800000
1024	584.120000
1024	489.520000
1024	561.440000
1024	494.880000
Starting reads on all files
Waiting till all child processes complete..
Average time is 528.835000
1024	494.120000
1024	482.000000
1024	488.560000
1024	563.560000
1024	558.960000
1024	490.640000
1024	566.880000
1024	596.000000
1024	485.840000
1024	475.560000
1024	565.680000
1024	553.640000
1024	566.560000
1024	483.000000
1024	568.760000
1024	572.640000
Starting reads on all files
Waiting till all child processes complete..
Average time is 532.025000
1024	572.480000
1024	559.680000
1024	482.000000
1024	476.120000
1024	560.160000
1024	561.600000
1024	495.880000
1024	480.360000
1024	563.240000
1024	561.720000
1024	507.120000
1024	483.800000
1024	492.040000
1024	481.240000
1024	604.040000
1024	552.360000
Starting reads on all files
Waiting till all child processes complete..
Average time is 527.115000
1024	557.440000
1024	567.520000
1024	568.600000
1024	560.640000
1024	550.440000
1024	547.440000
1024	487.640000
1024	563.240000
1024	548.360000
1024	543.120000
1024	562.840000
1024	564.440000
1024	558.080000
1024	576.400000
1024	553.720000
1024	6156.640000
Starting reads on all files
Waiting till all child processes complete..
Average time is 904.160000
1024	482.760000
1024	477.960000
1024	477.800000
1024	561.400000
1024	493.520000
1024	485.640000
1024	484.920000
1024	484.560000
1024	482.680000
1024	486.840000
1024	487.280000
1024	568.360000
1024	491.080000
1024	480.640000
1024	489.800000
1024	561.160000
Starting reads on all files
Waiting till all child processes complete..
Average time is 499.775000
1024	489.760000
1024	568.840000
1024	486.200000
1024	569.120000
1024	572.640000
1024	567.800000
1024	560.200000
1024	493.480000
1024	483.280000
1024	555.520000
1024	490.440000
1024	482.280000
1024	489.080000
1024	559.560000
1024	563.960000
1024	572.280000
Starting reads on all files
Waiting till all child processes complete..
Average time is 531.527500
1024	480.600000
1024	562.520000
1024	559.600000
1024	571.640000
1024	575.680000
1024	572.360000
1024	559.960000
1024	480.720000
1024	560.440000
1024	574.840000
1024	486.520000
1024	563.840000
1024	574.320000
1024	565.280000
1024	564.120000
1024	562.440000
Starting reads on all files
Waiting till all child processes complete..
Average time is 550.930000
1024	482.440000
1024	491.440000
1024	560.920000
1024	482.680000
1024	701.080000
1024	556.600000
1024	558.920000
1024	566.680000
1024	601.160000
1024	482.360000
1024	545.600000
1024	552.000000
1024	551.960000
1024	547.560000
1024	548.240000
1024	490.320000
Starting reads on all files
Waiting till all child processes complete..
Average time is 544.997500
1024	501.880000
1024	477.840000
1024	548.880000
1024	476.600000
1024	557.200000
1024	565.680000
1024	479.840000
1024	554.600000
1024	556.680000
1024	570.480000
1024	546.000000
1024	559.760000
1024	478.240000
1024	581.120000
1024	562.040000
1024	564.960000
Starting reads on all files
Waiting till all child processes complete..
Average time is 536.362500
1024	492.240000
1024	547.920000
1024	487.800000
1024	475.000000
1024	475.280000
1024	542.640000
1024	486.160000
1024	557.000000
1024	486.040000
1024	487.000000
1024	561.520000
1024	567.720000
1024	556.480000
1024	546.680000
1024	482.440000
1024	506.480000
Starting reads on all files
Waiting till all child processes complete..
Average time is 516.150000
1024	489.200000
1024	483.840000
1024	609.760000
1024	571.400000
1024	570.720000
1024	478.000000
1024	561.720000
1024	482.600000
1024	559.040000
1024	487.480000
1024	486.760000
1024	564.360000
1024	561.680000
1024	493.080000
1024	625.360000
1024	483.480000
Starting reads on all files
Waiting till all child processes complete..
Average time is 531.780000
1024	475.560000
1024	482.880000
1024	558.480000
1024	574.000000
1024	548.920000
1024	547.520000
1024	487.560000
1024	488.600000
1024	651.920000
1024	485.880000
1024	549.000000
1024	489.160000
1024	480.320000
1024	543.240000
1024	551.320000
1024	574.520000
Starting reads on all files
Waiting till all child processes complete..
Average time is 530.555000
1024	531.160000
1024	489.680000
1024	492.280000
1024	563.160000
1024	571.280000
1024	568.520000
1024	592.960000
1024	481.800000
1024	482.840000
1024	578.640000
1024	484.120000
1024	565.760000
1024	563.880000
1024	560.240000
1024	484.720000
1024	476.200000
Starting reads on all files
Waiting till all child processes complete..
Average time is 530.452500
1024	497.920000
1024	479.520000
1024	476.200000
1024	483.360000
1024	483.840000
1024	565.760000
1024	565.520000
1024	558.760000
1024	570.680000
1024	575.200000
1024	589.160000
1024	550.560000
1024	568.360000
1024	479.600000
1024	495.120000
1024	577.720000
Starting reads on all files
Waiting till all child processes complete..
Average time is 532.330000
1024	481.360000
1024	486.680000
1024	479.320000
1024	480.480000
1024	525.000000
1024	565.040000
1024	572.200000
1024	549.040000
1024	568.560000
1024	483.680000
1024	484.840000
1024	481.960000
1024	553.280000
1024	566.920000
1024	572.480000
1024	527.840000
Starting reads on all files
Waiting till all child processes complete..
Average time is 523.667500
