1024	491.520000
1024	480.200000
1024	476.800000
1024	491.680000
1024	477.520000
1024	484.240000
1024	486.600000
1024	485.760000
1024	488.200000
1024	482.200000
1024	480.280000
1024	484.480000
1024	487.320000
1024	479.320000
1024	487.560000
1024	531.080000
1024	479.440000
1024	484.520000
1024	482.920000
1024	541.280000
1024	474.680000
1024	485.160000
1024	491.280000
1024	530.760000
1024	546.320000
1024	479.000000
1024	489.280000
1024	520.440000
1024	520.960000
1024	595.920000
1024	581.360000
1024	558.440000
1024	566.640000
1024	648.680000
1024	509.440000
1024	521.080000
1024	522.720000
1024	503.600000
1024	612.120000
1024	607.120000
1024	523.000000
1024	479.360000
1024	556.800000
1024	572.240000
1024	566.960000
1024	561.200000
1024	707.280000
1024	509.240000
1024	483.560000
1024	522.120000
1024	515.240000
1024	519.120000
1024	593.240000
1024	478.960000
1024	565.240000
1024	598.840000
1024	566.280000
1024	565.120000
1024	597.520000
1024	562.120000
1024	600.440000
1024	556.320000
1024	556.040000
1024	566.440000
Starting reads on all files
Waiting till all child processes complete..
Average time is 529.228125
1024	573.720000
1024	556.200000
1024	562.280000
1024	485.000000
1024	490.040000
1024	491.240000
1024	480.480000
1024	485.800000
1024	487.400000
1024	490.600000
1024	478.480000
1024	487.520000
1024	484.600000
1024	561.640000
1024	499.600000
1024	496.280000
1024	600.400000
1024	490.760000
1024	482.760000
1024	490.280000
1024	479.240000
1024	485.680000
1024	485.440000
1024	567.240000
1024	526.000000
1024	472.520000
1024	560.360000
1024	522.000000
1024	485.000000
1024	480.520000
1024	484.520000
1024	494.760000
1024	490.880000
1024	486.840000
1024	575.440000
1024	483.640000
1024	566.560000
1024	564.480000
1024	531.080000
1024	485.320000
1024	489.720000
1024	480.120000
1024	487.440000
1024	564.200000
1024	520.680000
1024	487.920000
1024	569.040000
1024	620.840000
1024	497.120000
1024	562.760000
1024	575.360000
1024	495.640000
1024	495.160000
1024	546.120000
1024	527.840000
1024	485.240000
1024	534.760000
1024	477.800000
1024	484.120000
1024	525.360000
1024	487.520000
1024	517.360000
1024	483.960000
1024	475.840000
Starting reads on all files
Waiting till all child processes complete..
Average time is 512.414375
1024	482.200000
1024	483.120000
1024	484.560000
1024	479.440000
1024	477.560000
1024	480.040000
1024	491.280000
1024	485.080000
1024	478.040000
1024	480.360000
1024	474.280000
1024	569.920000
1024	566.000000
1024	585.240000
1024	576.760000
1024	570.120000
1024	565.440000
1024	492.560000
1024	486.800000
1024	487.480000
1024	526.640000
1024	478.040000
1024	479.680000
1024	494.720000
1024	472.120000
1024	529.680000
1024	529.960000
1024	522.920000
1024	527.120000
1024	523.680000
1024	523.040000
1024	474.480000
1024	486.480000
1024	473.960000
1024	490.720000
1024	522.240000
1024	473.760000
1024	488.840000
1024	478.920000
1024	479.200000
1024	521.840000
1024	567.640000
1024	567.480000
1024	482.520000
1024	490.560000
1024	480.960000
1024	489.400000
1024	581.800000
1024	561.200000
1024	565.800000
1024	487.880000
1024	473.640000
1024	558.080000
1024	572.440000
1024	564.200000
1024	561.520000
1024	483.280000
1024	491.320000
1024	591.880000
1024	532.680000
1024	570.560000
1024	578.520000
1024	564.360000
1024	560.720000
Starting reads on all files
Waiting till all child processes complete..
Average time is 516.761875
1024	495.880000
1024	485.120000
1024	489.040000
1024	482.560000
1024	478.680000
1024	477.400000
1024	501.080000
1024	485.160000
1024	475.760000
1024	482.760000
1024	482.840000
1024	472.920000
1024	485.120000
1024	477.280000
1024	478.720000
1024	487.720000
1024	494.640000
1024	483.840000
1024	485.080000
1024	480.080000
1024	476.280000
1024	476.120000
1024	529.080000
1024	574.840000
1024	589.840000
1024	492.400000
1024	557.320000
1024	568.440000
1024	566.560000
1024	559.920000
1024	556.800000
1024	558.440000
1024	569.360000
1024	476.400000
1024	480.280000
1024	480.920000
1024	488.480000
1024	572.640000
1024	1448.760000
1024	567.240000
1024	491.080000
1024	565.040000
1024	576.200000
1024	479.880000
1024	1538.080000
1024	562.360000
1024	564.320000
1024	584.680000
1024	556.120000
1024	559.440000
1024	480.080000
1024	478.120000
1024	483.240000
1024	479.480000
1024	523.760000
1024	491.640000
1024	483.800000
1024	587.440000
1024	479.880000
1024	525.600000
1024	482.440000
1024	563.400000
1024	565.080000
1024	573.080000
Starting reads on all files
Waiting till all child processes complete..
Average time is 546.031875
1024	559.400000
1024	557.960000
1024	478.160000
1024	485.480000
1024	488.720000
1024	489.680000
1024	479.560000
1024	515.520000
1024	481.440000
1024	519.800000
1024	5501.040000
1024	485.440000
1024	488.440000
1024	477.520000
1024	484.200000
1024	492.960000
1024	478.880000
1024	485.000000
1024	483.080000
1024	556.800000
1024	559.960000
1024	564.880000
1024	567.760000
1024	493.640000
1024	527.200000
1024	525.920000
1024	526.080000
1024	486.080000
1024	475.560000
1024	535.000000
1024	521.480000
1024	474.600000
1024	485.240000
1024	484.840000
1024	484.000000
1024	485.600000
1024	475.560000
1024	486.880000
1024	482.720000
1024	485.800000
1024	568.240000
1024	479.000000
1024	560.880000
1024	1466.480000
1024	653.160000
1024	532.080000
1024	551.520000
1024	568.440000
1024	559.200000
1024	73118.200000
1024	574.960000
1024	564.320000
1024	564.040000
1024	574.640000
1024	558.920000
1024	484.640000
1024	697.080000
1024	569.560000
1024	474.800000
1024	568.880000
1024	477.560000
1024	477.640000
1024	545.040000
1024	533.720000
Starting reads on all files
Waiting till all child processes complete..
Average time is 1747.513750
1024	479.840000
1024	489.200000
1024	478.000000
1024	488.720000
1024	483.240000
1024	477.800000
1024	493.600000
1024	492.600000
1024	481.520000
1024	488.840000
1024	646.600000
1024	482.760000
1024	478.280000
1024	566.800000
1024	486.720000
1024	506.280000
1024	479.800000
1024	481.560000
1024	556.760000
1024	561.600000
1024	572.680000
1024	578.120000
1024	585.080000
1024	478.920000
1024	492.000000
1024	522.680000
1024	490.080000
1024	489.120000
1024	566.640000
1024	651.520000
1024	558.640000
1024	488.320000
1024	489.760000
1024	488.560000
1024	479.920000
1024	488.040000
1024	545.800000
1024	543.200000
1024	517.640000
1024	492.000000
1024	485.000000
1024	570.320000
1024	562.600000
1024	481.000000
1024	485.320000
1024	478.520000
1024	485.200000
1024	564.360000
1024	523.720000
1024	528.560000
1024	568.000000
1024	483.960000
1024	564.440000
1024	489.600000
1024	573.600000
1024	495.280000
1024	484.080000
1024	481.760000
1024	486.120000
1024	494.520000
1024	525.760000
1024	560.920000
1024	569.960000
1024	480.280000
Starting reads on all files
Waiting till all child processes complete..
Average time is 516.283125
1024	492.920000
1024	488.360000
1024	480.680000
1024	477.360000
1024	485.440000
1024	484.200000
1024	485.240000
1024	487.880000
1024	486.240000
1024	526.240000
1024	488.480000
1024	486.000000
1024	486.600000
1024	485.600000
1024	480.840000
1024	496.840000
1024	492.920000
1024	494.640000
1024	491.800000
1024	493.800000
1024	485.680000
1024	486.120000
1024	566.680000
1024	478.040000
1024	491.760000
1024	569.240000
1024	564.840000
1024	561.640000
1024	572.640000
1024	574.400000
1024	564.440000
1024	602.360000
1024	567.640000
1024	565.760000
1024	481.040000
1024	478.160000
1024	565.800000
1024	575.160000
1024	481.120000
1024	490.760000
1024	489.480000
1024	480.280000
1024	569.040000
1024	525.200000
1024	562.560000
1024	1465.120000
1024	537.320000
1024	489.480000
1024	478.640000
1024	563.280000
1024	568.960000
1024	488.440000
1024	478.760000
1024	571.520000
1024	557.440000
1024	486.560000
1024	576.760000
1024	572.880000
1024	548.920000
1024	662.600000
1024	571.360000
1024	488.520000
1024	529.760000
1024	525.640000
Starting reads on all files
Waiting till all child processes complete..
Average time is 535.998125
1024	482.320000
1024	480.640000
1024	481.520000
1024	478.800000
1024	5700.880000
1024	499.720000
1024	490.920000
1024	480.600000
1024	488.400000
1024	479.160000
1024	1449.880000
1024	485.680000
1024	486.960000
1024	486.480000
1024	476.440000
1024	482.720000
1024	489.760000
1024	487.720000
1024	486.680000
1024	476.480000
1024	480.320000
1024	485.920000
1024	474.680000
1024	493.360000
1024	497.400000
1024	524.240000
1024	530.520000
1024	569.840000
1024	568.800000
1024	524.040000
1024	491.200000
1024	481.760000
1024	522.680000
1024	531.960000
1024	530.960000
1024	477.960000
1024	490.240000
1024	530.600000
1024	481.880000
1024	522.480000
1024	480.520000
1024	567.160000
1024	494.800000
1024	487.640000
1024	482.640000
1024	479.640000
1024	486.440000
1024	558.480000
1024	481.400000
1024	482.240000
1024	488.240000
1024	491.600000
1024	563.400000
1024	574.320000
1024	562.200000
1024	570.960000
1024	569.920000
1024	544.360000
1024	567.280000
1024	563.800000
1024	812.800000
1024	538.320000
1024	498.240000
1024	485.280000
Starting reads on all files
Waiting till all child processes complete..
Average time is 608.035625
1024	485.320000
1024	562.920000
1024	563.800000
1024	505.160000
1024	480.640000
1024	544.480000
1024	481.040000
1024	476.800000
1024	491.840000
1024	477.000000
1024	474.200000
1024	482.760000
1024	521.760000
1024	529.200000
1024	596.200000
1024	482.400000
1024	493.240000
1024	487.560000
1024	544.360000
1024	525.760000
1024	594.040000
1024	493.880000
1024	569.640000
1024	488.520000
1024	526.600000
1024	495.640000
1024	569.800000
1024	574.360000
1024	488.320000
1024	484.880000
1024	525.240000
1024	535.480000
1024	532.040000
1024	483.480000
1024	486.480000
1024	531.240000
1024	587.600000
1024	488.640000
1024	486.680000
1024	486.440000
1024	483.360000
1024	485.720000
1024	556.200000
1024	567.840000
1024	495.720000
1024	475.280000
1024	626.840000
1024	482.760000
1024	477.880000
1024	562.000000
1024	567.360000
1024	563.560000
1024	575.920000
1024	487.320000
1024	486.800000
1024	768.120000
1024	580.200000
1024	478.480000
1024	483.280000
1024	540.480000
1024	551.920000
1024	544.840000
1024	488.880000
1024	589.440000
Starting reads on all files
Waiting till all child processes complete..
Average time is 524.306875
1024	484.160000
1024	691.240000
1024	488.840000
1024	489.080000
1024	489.400000
1024	487.920000
1024	484.360000
1024	568.440000
1024	490.960000
1024	482.960000
1024	493.200000
1024	473.960000
1024	5200.160000
1024	482.160000
1024	482.840000
1024	482.280000
1024	480.600000
1024	487.800000
1024	474.960000
1024	481.200000
1024	525.800000
1024	529.680000
1024	485.600000
1024	477.600000
1024	482.560000
1024	481.320000
1024	486.120000
1024	525.080000
1024	477.560000
1024	574.840000
1024	567.640000
1024	629.480000
1024	1458.720000
1024	485.520000
1024	480.360000
1024	1467.640000
1024	558.760000
1024	491.120000
1024	484.040000
1024	526.080000
1024	521.240000
1024	490.280000
1024	482.040000
1024	1446.760000
1024	478.560000
1024	522.800000
1024	475.920000
1024	557.600000
1024	487.040000
1024	486.160000
1024	477.800000
1024	565.440000
1024	488.200000
1024	480.160000
1024	483.560000
1024	566.600000
1024	488.640000
1024	565.400000
1024	579.320000
1024	568.720000
1024	562.040000
1024	595.040000
1024	559.600000
1024	188840.480000
Starting reads on all files
Waiting till all child processes complete..
Average time is 3572.835000
1024	480.920000
1024	483.000000
1024	563.880000
1024	577.560000
1024	489.400000
1024	488.360000
1024	480.600000
1024	480.640000
1024	490.200000
1024	481.840000
1024	565.040000
1024	497.120000
1024	484.160000
1024	535.960000
1024	474.360000
1024	483.040000
1024	487.600000
1024	537.040000
1024	476.920000
1024	478.480000
1024	563.200000
1024	477.480000
1024	483.640000
1024	498.000000
1024	493.560000
1024	473.120000
1024	482.280000
1024	486.280000
1024	513.000000
1024	554.720000
1024	482.960000
1024	559.320000
1024	576.720000
1024	489.640000
1024	478.520000
1024	491.360000
1024	556.080000
1024	540.680000
1024	478.080000
1024	476.600000
1024	482.640000
1024	485.960000
1024	572.160000
1024	486.360000
1024	471.600000
1024	483.080000
1024	553.120000
1024	488.600000
1024	486.760000
1024	481.720000
1024	561.960000
1024	478.000000
1024	559.760000
1024	483.640000
1024	553.520000
1024	486.520000
1024	492.720000
1024	485.280000
1024	473.640000
1024	629.920000
1024	551.600000
1024	484.440000
1024	495.560000
1024	485.440000
Starting reads on all files
Waiting till all child processes complete..
Average time is 506.333750
1024	579.320000
1024	485.080000
1024	490.240000
1024	494.800000
1024	474.880000
1024	487.360000
1024	488.200000
1024	480.680000
1024	484.360000
1024	482.320000
1024	487.040000
1024	487.600000
1024	491.240000
1024	481.760000
1024	481.280000
1024	482.040000
1024	479.880000
1024	484.520000
1024	483.800000
1024	498.320000
1024	477.240000
1024	527.560000
1024	533.200000
1024	488.960000
1024	574.400000
1024	578.480000
1024	563.840000
1024	560.400000
1024	567.960000
1024	580.360000
1024	563.000000
1024	566.880000
1024	560.120000
1024	564.880000
1024	562.320000
1024	561.200000
1024	567.040000
1024	485.960000
1024	558.120000
1024	612.240000
1024	556.520000
1024	568.840000
1024	596.120000
1024	625.080000
1024	501.200000
1024	554.520000
1024	560.160000
1024	542.680000
1024	560.880000
1024	531.160000
1024	477.800000
1024	481.000000
1024	477.440000
1024	486.120000
1024	562.280000
1024	522.400000
1024	569.680000
1024	490.480000
1024	481.840000
1024	473.800000
1024	482.960000
1024	591.040000
1024	526.120000
1024	481.360000
Starting reads on all files
Waiting till all child processes complete..
Average time is 524.380625
1024	479.640000
1024	484.960000
1024	490.840000
1024	488.240000
1024	499.360000
1024	486.240000
1024	477.800000
1024	522.600000
1024	478.000000
1024	481.920000
1024	481.640000
1024	490.800000
1024	478.880000
1024	561.800000
1024	560.320000
1024	573.760000
1024	571.360000
1024	542.400000
1024	487.000000
1024	492.200000
1024	530.320000
1024	559.640000
1024	483.720000
1024	525.240000
1024	531.440000
1024	539.280000
1024	487.800000
1024	490.720000
1024	481.040000
1024	478.400000
1024	561.280000
1024	554.280000
1024	484.320000
1024	524.520000
1024	561.040000
1024	526.800000
1024	479.320000
1024	564.040000
1024	564.920000
1024	570.880000
1024	565.520000
1024	553.600000
1024	490.640000
1024	482.560000
1024	475.840000
1024	493.000000
1024	485.960000
1024	522.920000
1024	689.440000
1024	487.880000
1024	479.680000
1024	480.160000
1024	474.440000
1024	488.000000
1024	561.400000
1024	562.240000
1024	570.160000
1024	484.960000
1024	580.000000
1024	568.120000
1024	490.160000
1024	490.880000
1024	476.320000
1024	488.280000
Starting reads on all files
Waiting till all child processes complete..
Average time is 516.733125
1024	486.880000
1024	485.600000
1024	483.040000
1024	483.040000
1024	483.520000
1024	495.440000
1024	480.560000
1024	5025.920000
1024	481.800000
1024	491.560000
1024	525.560000
1024	480.920000
1024	490.960000
1024	489.880000
1024	485.040000
1024	527.160000
1024	558.920000
1024	573.600000
1024	566.960000
1024	580.160000
1024	566.520000
1024	527.280000
1024	536.320000
1024	555.640000
1024	482.640000
1024	565.960000
1024	486.560000
1024	489.880000
1024	476.080000
1024	570.680000
1024	483.000000
1024	482.120000
1024	568.040000
1024	477.040000
1024	577.600000
1024	564.360000
1024	494.640000
1024	564.720000
1024	478.920000
1024	480.080000
1024	477.720000
1024	483.920000
1024	479.000000
1024	567.000000
1024	574.000000
1024	495.560000
1024	563.560000
1024	489.960000
1024	558.440000
1024	593.840000
1024	575.120000
1024	561.600000
1024	478.680000
1024	620.240000
1024	1248.520000
1024	570.520000
1024	600.040000
1024	570.920000
1024	572.240000
1024	562.200000
1024	478.400000
1024	558.640000
1024	492.120000
1024	557.560000
Starting reads on all files
Waiting till all child processes complete..
Average time is 606.787500
1024	562.080000
1024	560.040000
1024	561.680000
1024	563.880000
1024	568.880000
1024	560.680000
1024	485.120000
1024	483.920000
1024	492.600000
1024	486.160000
1024	484.680000
1024	485.960000
1024	524.200000
1024	494.280000
1024	476.560000
1024	565.280000
1024	556.520000
1024	573.240000
1024	565.920000
1024	547.120000
1024	561.240000
1024	557.200000
1024	556.440000
1024	569.000000
1024	526.640000
1024	574.520000
1024	556.280000
1024	527.520000
1024	485.920000
1024	489.600000
1024	485.960000
1024	476.880000
1024	485.520000
1024	534.320000
1024	523.320000
1024	568.480000
1024	598.280000
1024	562.960000
1024	478.600000
1024	556.720000
1024	488.920000
1024	485.800000
1024	487.640000
1024	479.600000
1024	726.560000
1024	479.720000
1024	485.640000
1024	479.520000
1024	560.440000
1024	557.200000
1024	491.680000
1024	569.440000
1024	490.640000
1024	519.480000
1024	482.440000
1024	537.520000
1024	477.880000
1024	493.480000
1024	484.440000
1024	480.600000
1024	478.680000
1024	565.320000
1024	489.960000
1024	570.800000
Starting reads on all files
Waiting till all child processes complete..
Average time is 525.587500
1024	484.200000
1024	475.000000
1024	478.240000
1024	466.720000
1024	5041.280000
1024	496.120000
1024	491.000000
1024	490.400000
1024	485.800000
1024	487.640000
1024	486.360000
1024	482.200000
1024	478.840000
1024	487.680000
1024	486.120000
1024	475.800000
1024	481.760000
1024	493.120000
1024	478.440000
1024	488.200000
1024	479.920000
1024	558.680000
1024	561.080000
1024	472.800000
1024	494.320000
1024	489.920000
1024	571.920000
1024	556.520000
1024	569.000000
1024	565.200000
1024	571.480000
1024	573.480000
1024	492.440000
1024	704.360000
1024	530.880000
1024	477.680000
1024	483.560000
1024	485.880000
1024	529.040000
1024	480.520000
1024	484.840000
1024	485.360000
1024	484.840000
1024	478.680000
1024	573.440000
1024	484.440000
1024	484.080000
1024	574.840000
1024	572.520000
1024	526.040000
1024	573.280000
1024	596.880000
1024	574.960000
1024	608.560000
1024	571.000000
1024	611.840000
1024	572.040000
1024	558.240000
1024	489.680000
1024	575.200000
1024	139095.200000
1024	575.160000
1024	563.760000
1024	572.040000
Starting reads on all files
Waiting till all child processes complete..
Average time is 2758.914375
1024	568.000000
1024	477.400000
1024	480.920000
1024	477.000000
1024	486.600000
1024	475.520000
1024	483.000000
1024	487.040000
1024	486.160000
1024	481.520000
1024	571.000000
1024	538.480000
1024	582.600000
1024	581.960000
1024	494.280000
1024	562.800000
1024	570.960000
1024	578.560000
1024	476.520000
1024	479.080000
1024	490.000000
1024	478.000000
1024	490.560000
1024	525.560000
1024	528.400000
1024	567.120000
1024	568.320000
1024	484.160000
1024	477.600000
1024	571.920000
1024	571.520000
1024	478.440000
1024	577.520000
1024	532.880000
1024	476.600000
1024	564.600000
1024	473.440000
1024	482.080000
1024	490.800000
1024	478.840000
1024	486.320000
1024	481.360000
1024	565.160000
1024	577.440000
1024	565.560000
1024	568.240000
1024	480.920000
1024	476.000000
1024	479.840000
1024	572.120000
1024	526.960000
1024	483.920000
1024	486.080000
1024	528.320000
1024	481.200000
1024	489.560000
1024	482.280000
1024	488.800000
1024	520.800000
1024	567.400000
1024	483.440000
1024	486.600000
1024	566.200000
1024	549.520000
Starting reads on all files
Waiting till all child processes complete..
Average time is 516.278125
1024	484.080000
1024	568.760000
1024	568.920000
1024	574.360000
1024	570.680000
1024	656.120000
1024	478.800000
1024	481.920000
1024	582.200000
1024	581.360000
1024	486.160000
1024	480.160000
1024	5389.280000
1024	491.080000
1024	484.720000
1024	484.800000
1024	476.560000
1024	485.520000
1024	476.560000
1024	557.800000
1024	484.360000
1024	483.720000
1024	493.880000
1024	552.440000
1024	531.440000
1024	522.400000
1024	494.600000
1024	485.200000
1024	482.040000
1024	530.160000
1024	538.560000
1024	522.480000
1024	486.960000
1024	479.680000
1024	476.520000
1024	525.080000
1024	483.000000
1024	486.080000
1024	526.520000
1024	473.520000
1024	480.400000
1024	550.080000
1024	483.960000
1024	481.000000
1024	571.520000
1024	482.640000
1024	571.800000
1024	558.520000
1024	582.400000
1024	571.200000
1024	485.120000
1024	576.680000
1024	544.160000
1024	489.480000
1024	477.680000
1024	555.000000
1024	479.880000
1024	560.800000
1024	559.800000
1024	552.320000
1024	561.960000
1024	579.720000
1024	560.040000
1024	580.720000
Starting reads on all files
Waiting till all child processes complete..
Average time is 598.677500
1024	566.040000
1024	702.320000
1024	485.080000
1024	485.200000
1024	494.280000
1024	482.240000
1024	480.960000
1024	482.160000
1024	560.560000
1024	495.400000
1024	486.920000
1024	486.760000
1024	484.560000
1024	481.600000
1024	579.080000
1024	501.840000
1024	491.840000
1024	483.640000
1024	644.280000
1024	521.200000
1024	541.840000
1024	575.080000
1024	487.360000
1024	477.120000
1024	566.440000
1024	485.640000
1024	524.360000
1024	519.760000
1024	481.680000
1024	476.440000
1024	522.840000
1024	524.320000
1024	476.400000
1024	563.960000
1024	626.240000
1024	560.040000
1024	482.200000
1024	527.040000
1024	494.760000
1024	564.160000
1024	479.760000
1024	558.560000
1024	565.400000
1024	565.640000
1024	487.120000
1024	483.680000
1024	528.520000
1024	561.160000
1024	478.200000
1024	484.640000
1024	481.160000
1024	530.240000
1024	480.800000
1024	485.640000
1024	522.360000
1024	567.280000
1024	499.960000
1024	556.520000
1024	490.440000
1024	580.680000
1024	559.400000
1024	488.920000
1024	526.440000
1024	491.840000
Starting reads on all files
Waiting till all child processes complete..
Average time is 520.750000
1024	490.280000
1024	476.680000
1024	481.440000
1024	487.040000
1024	486.360000
1024	484.360000
1024	486.560000
1024	484.000000
1024	489.280000
1024	479.480000
1024	487.160000
1024	469.680000
1024	496.600000
1024	479.560000
1024	492.160000
1024	485.560000
1024	475.280000
1024	566.800000
1024	491.320000
1024	488.960000
1024	482.480000
1024	478.240000
1024	534.720000
1024	529.840000
1024	490.400000
1024	573.720000
1024	573.120000
1024	580.480000
1024	571.560000
1024	556.280000
1024	489.480000
1024	490.160000
1024	586.840000
1024	570.440000
1024	526.480000
1024	527.480000
1024	490.840000
1024	488.120000
1024	547.240000
1024	498.520000
1024	488.760000
1024	482.600000
1024	484.920000
1024	555.800000
1024	576.440000
1024	565.720000
1024	566.680000
1024	576.440000
1024	561.680000
1024	570.600000
1024	480.920000
1024	482.800000
1024	647.840000
1024	487.400000
1024	524.400000
1024	526.560000
1024	487.680000
1024	483.720000
1024	478.720000
1024	483.480000
1024	554.880000
1024	576.320000
1024	539.640000
1024	560.720000
Starting reads on all files
Waiting till all child processes complete..
Average time is 517.339375
