1024	573.360000
1024	569.160000
1024	575.360000
1024	485.640000
1024	565.640000
1024	571.080000
1024	556.440000
1024	563.080000
1024	563.360000
1024	592.600000
1024	488.280000
1024	567.400000
1024	551.600000
1024	560.320000
1024	539.000000
1024	544.400000
1024	484.880000
1024	622.080000
1024	532.400000
1024	513.160000
1024	516.400000
1024	516.560000
1024	478.880000
1024	481.160000
1024	531.800000
1024	486.480000
1024	517.240000
1024	484.480000
1024	518.520000
1024	525.000000
1024	494.920000
1024	584.320000
1024	566.240000
1024	519.280000
1024	1499.600000
1024	593.320000
1024	569.720000
1024	575.400000
1024	509.480000
1024	524.000000
1024	477.680000
1024	485.600000
1024	579.160000
1024	558.800000
1024	520.720000
1024	550.000000
1024	528.040000
1024	504.680000
Starting reads on all files
Waiting till all child processes complete..
Average time is 556.598333
1024	476.160000
1024	487.960000
1024	480.240000
1024	497.400000
1024	505.560000
1024	494.640000
1024	486.920000
1024	561.240000
1024	564.080000
1024	482.520000
1024	489.080000
1024	498.080000
1024	480.800000
1024	527.640000
1024	520.960000
1024	552.960000
1024	565.560000
1024	620.680000
1024	484.720000
1024	484.640000
1024	554.600000
1024	564.120000
1024	476.440000
1024	491.520000
1024	493.720000
1024	526.160000
1024	522.040000
1024	548.480000
1024	577.200000
1024	565.280000
1024	491.840000
1024	488.000000
1024	532.520000
1024	490.760000
1024	481.520000
1024	576.400000
1024	575.760000
1024	479.640000
1024	477.400000
1024	484.680000
1024	488.560000
1024	480.040000
1024	481.680000
1024	487.080000
1024	546.440000
1024	480.760000
1024	478.520000
1024	571.800000
Starting reads on all files
Waiting till all child processes complete..
Average time is 514.058333
1024	562.280000
1024	576.560000
1024	561.000000
1024	562.880000
1024	532.600000
1024	484.600000
1024	481.960000
1024	487.280000
1024	491.880000
1024	568.440000
1024	540.520000
1024	500.440000
1024	492.440000
1024	480.120000
1024	477.840000
1024	486.800000
1024	568.480000
1024	476.240000
1024	477.520000
1024	540.000000
1024	519.840000
1024	560.120000
1024	481.320000
1024	577.720000
1024	490.640000
1024	524.920000
1024	495.800000
1024	490.440000
1024	480.120000
1024	488.840000
1024	487.720000
1024	480.720000
1024	555.960000
1024	544.000000
1024	481.840000
1024	486.520000
1024	488.200000
1024	490.680000
1024	487.400000
1024	481.320000
1024	525.560000
1024	478.200000
1024	487.520000
1024	483.120000
1024	481.000000
1024	482.240000
1024	479.640000
1024	484.680000
Starting reads on all files
Waiting till all child processes complete..
Average time is 507.207500
1024	486.280000
1024	483.480000
1024	480.240000
1024	482.320000
1024	479.920000
1024	481.920000
1024	495.840000
1024	493.840000
1024	564.520000
1024	491.400000
1024	477.880000
1024	489.560000
1024	483.120000
1024	481.080000
1024	492.640000
1024	483.480000
1024	541.240000
1024	538.200000
1024	564.880000
1024	477.200000
1024	593.880000
1024	481.480000
1024	527.800000
1024	548.000000
1024	552.080000
1024	526.680000
1024	479.560000
1024	530.080000
1024	522.320000
1024	538.600000
1024	490.960000
1024	487.080000
1024	485.320000
1024	478.200000
1024	523.080000
1024	487.520000
1024	487.440000
1024	493.600000
1024	489.720000
1024	525.640000
1024	482.560000
1024	476.320000
1024	525.960000
1024	481.400000
1024	525.080000
1024	494.640000
1024	486.840000
1024	479.440000
Starting reads on all files
Waiting till all child processes complete..
Average time is 503.548333
1024	487.480000
1024	488.840000
1024	491.880000
1024	486.760000
1024	486.400000
1024	477.160000
1024	478.840000
1024	499.680000
1024	490.760000
1024	480.640000
1024	479.120000
1024	490.920000
1024	478.800000
1024	482.120000
1024	473.840000
1024	488.480000
1024	558.320000
1024	569.400000
1024	564.040000
1024	570.280000
1024	524.920000
1024	585.320000
1024	595.920000
1024	563.240000
1024	562.920000
1024	556.200000
1024	571.640000
1024	484.320000
1024	568.960000
1024	574.240000
1024	591.760000
1024	560.840000
1024	494.080000
1024	479.880000
1024	41591.080000
1024	564.360000
1024	482.960000
1024	500.400000
1024	485.080000
1024	478.640000
1024	505.360000
1024	558.560000
1024	561.200000
1024	548.800000
1024	595.280000
1024	580.080000
1024	565.080000
1024	561.920000
Starting reads on all files
Waiting till all child processes complete..
Average time is 1381.600000
1024	488.680000
1024	487.800000
1024	490.080000
1024	484.120000
1024	482.160000
1024	482.080000
1024	490.200000
1024	482.680000
1024	480.640000
1024	623.680000
1024	479.600000
1024	483.720000
1024	488.400000
1024	481.080000
1024	486.760000
1024	586.320000
1024	528.800000
1024	486.520000
1024	490.160000
1024	549.800000
1024	529.960000
1024	525.160000
1024	661.000000
1024	521.760000
1024	498.120000
1024	489.960000
1024	491.400000
1024	483.280000
1024	554.960000
1024	490.240000
1024	483.600000
1024	487.040000
1024	480.640000
1024	571.840000
1024	568.320000
1024	560.000000
1024	489.480000
1024	555.400000
1024	485.440000
1024	482.120000
1024	567.960000
1024	560.400000
1024	568.040000
1024	571.480000
1024	489.080000
1024	477.320000
1024	478.240000
1024	479.000000
Starting reads on all files
Waiting till all child processes complete..
Average time is 513.635833
1024	486.840000
1024	479.480000
1024	480.960000
1024	487.080000
1024	480.480000
1024	494.480000
1024	486.960000
1024	492.080000
1024	493.160000
1024	484.800000
1024	482.880000
1024	483.680000
1024	481.920000
1024	481.720000
1024	490.080000
1024	483.920000
1024	544.080000
1024	558.240000
1024	522.640000
1024	540.320000
1024	559.240000
1024	486.840000
1024	493.760000
1024	526.040000
1024	528.840000
1024	519.720000
1024	542.680000
1024	526.240000
1024	572.320000
1024	574.640000
1024	599.560000
1024	595.400000
1024	561.160000
1024	649.160000
1024	625.440000
1024	557.560000
1024	558.600000
1024	492.000000
1024	566.280000
1024	570.360000
1024	568.920000
1024	564.560000
1024	12466.840000
1024	571.000000
1024	486.680000
1024	570.080000
1024	572.120000
1024	564.800000
Starting reads on all files
Waiting till all child processes complete..
Average time is 779.305000
1024	538.960000
1024	477.440000
1024	486.400000
1024	481.400000
1024	487.240000
1024	485.880000
1024	523.600000
1024	480.080000
1024	495.200000
1024	477.920000
1024	473.880000
1024	480.080000
1024	490.720000
1024	495.280000
1024	572.520000
1024	563.840000
1024	542.760000
1024	477.680000
1024	552.800000
1024	570.360000
1024	485.880000
1024	489.600000
1024	486.120000
1024	494.000000
1024	557.480000
1024	558.400000
1024	565.400000
1024	566.520000
1024	560.040000
1024	560.320000
1024	561.200000
1024	601.680000
1024	592.880000
1024	575.200000
1024	477.800000
1024	571.040000
1024	569.200000
1024	555.520000
1024	571.640000
1024	567.000000
1024	571.320000
1024	480.200000
1024	484.960000
1024	558.560000
1024	569.360000
1024	570.720000
1024	491.240000
1024	482.160000
Starting reads on all files
Waiting till all child processes complete..
Average time is 527.697500
1024	483.920000
1024	564.160000
1024	560.920000
1024	559.840000
1024	544.760000
1024	547.200000
1024	492.320000
1024	555.840000
1024	558.200000
1024	485.840000
1024	567.440000
1024	553.520000
1024	729.840000
1024	554.520000
1024	549.840000
1024	557.920000
1024	487.640000
1024	479.040000
1024	484.080000
1024	484.240000
1024	481.000000
1024	718.640000
1024	484.680000
1024	476.840000
1024	542.480000
1024	485.520000
1024	482.480000
1024	494.520000
1024	478.480000
1024	481.120000
1024	480.280000
1024	520.160000
1024	479.720000
1024	483.000000
1024	499.680000
1024	492.000000
1024	491.400000
1024	545.680000
1024	474.640000
1024	524.920000
1024	526.320000
1024	522.520000
1024	479.200000
1024	477.120000
1024	488.680000
1024	480.200000
1024	481.160000
1024	558.920000
Starting reads on all files
Waiting till all child processes complete..
Average time is 519.425833
1024	474.960000
1024	573.760000
1024	535.920000
1024	572.120000
1024	477.200000
1024	566.400000
1024	483.920000
1024	577.000000
1024	566.400000
1024	549.760000
1024	480.880000
1024	487.680000
1024	474.480000
1024	476.760000
1024	490.360000
1024	487.760000
1024	478.040000
1024	482.600000
1024	521.320000
1024	477.840000
1024	568.200000
1024	574.480000
1024	574.120000
1024	559.400000
1024	477.040000
1024	564.200000
1024	565.920000
1024	483.600000
1024	477.480000
1024	475.760000
1024	530.960000
1024	477.080000
1024	528.040000
1024	491.360000
1024	555.400000
1024	614.040000
1024	581.160000
1024	482.960000
1024	561.320000
1024	576.480000
1024	606.960000
1024	600.640000
1024	564.240000
1024	490.240000
1024	554.600000
1024	649.800000
1024	556.720000
1024	558.040000
Starting reads on all files
Waiting till all child processes complete..
Average time is 531.987500
1024	565.720000
1024	562.280000
1024	561.840000
1024	550.880000
1024	759.600000
1024	543.160000
1024	482.000000
1024	541.360000
1024	486.720000
1024	561.640000
1024	552.360000
1024	493.880000
1024	483.840000
1024	487.840000
1024	482.560000
1024	526.360000
1024	480.760000
1024	529.560000
1024	492.560000
1024	478.840000
1024	484.480000
1024	570.400000
1024	490.360000
1024	480.520000
1024	486.760000
1024	485.480000
1024	489.480000
1024	558.520000
1024	489.880000
1024	485.560000
1024	489.360000
1024	493.320000
1024	573.520000
1024	486.720000
1024	486.280000
1024	507.040000
1024	489.480000
1024	489.200000
1024	1448.000000
1024	536.520000
1024	485.880000
1024	521.800000
1024	579.960000
1024	484.760000
1024	572.680000
1024	500.680000
1024	479.960000
1024	488.640000
Starting reads on all files
Waiting till all child processes complete..
Average time is 536.645833
1024	583.240000
1024	482.000000
1024	572.080000
1024	486.080000
1024	485.400000
1024	563.600000
1024	482.280000
1024	478.280000
1024	486.920000
1024	488.240000
1024	485.520000
1024	481.040000
1024	479.320000
1024	478.240000
1024	476.880000
1024	486.440000
1024	504.520000
1024	478.640000
1024	497.720000
1024	477.720000
1024	485.040000
1024	474.360000
1024	484.160000
1024	616.120000
1024	549.320000
1024	582.520000
1024	558.440000
1024	572.440000
1024	552.240000
1024	568.720000
1024	527.880000
1024	567.360000
1024	483.640000
1024	478.600000
1024	476.280000
1024	477.320000
1024	485.080000
1024	474.200000
1024	529.120000
1024	552.680000
1024	485.280000
1024	483.120000
1024	495.360000
1024	490.200000
1024	481.280000
1024	480.080000
1024	473.440000
1024	477.400000
Starting reads on all files
Waiting till all child processes complete..
Average time is 506.580000
1024	490.320000
1024	477.760000
1024	474.600000
1024	479.880000
1024	478.640000
1024	488.000000
1024	572.120000
1024	563.360000
1024	558.440000
1024	565.560000
1024	571.560000
1024	562.960000
1024	556.040000
1024	568.800000
1024	573.680000
1024	479.520000
1024	571.080000
1024	602.840000
1024	569.360000
1024	572.600000
1024	490.800000
1024	557.720000
1024	564.840000
1024	492.040000
1024	477.200000
1024	925.840000
1024	474.320000
1024	561.800000
1024	570.520000
1024	485.360000
1024	562.360000
1024	568.840000
1024	557.040000
1024	539.440000
1024	519.280000
1024	492.800000
1024	484.320000
1024	521.040000
1024	525.520000
1024	522.760000
1024	534.280000
1024	475.680000
1024	481.240000
1024	475.400000
1024	478.640000
1024	482.040000
1024	480.480000
1024	485.640000
Starting reads on all files
Waiting till all child processes complete..
Average time is 532.590833
1024	484.000000
1024	494.080000
1024	480.520000
1024	481.520000
1024	475.040000
1024	481.360000
1024	489.560000
1024	481.720000
1024	485.480000
1024	486.320000
1024	482.600000
1024	480.760000
1024	602.160000
1024	490.560000
1024	485.960000
1024	487.120000
1024	483.200000
1024	522.480000
1024	487.320000
1024	477.080000
1024	493.480000
1024	527.400000
1024	567.160000
1024	562.640000
1024	528.640000
1024	505.760000
1024	527.560000
1024	480.800000
1024	568.760000
1024	579.360000
1024	572.000000
1024	565.320000
1024	483.440000
1024	579.840000
1024	568.640000
1024	483.800000
1024	487.080000
1024	535.480000
1024	529.200000
1024	478.440000
1024	479.880000
1024	473.440000
1024	478.720000
1024	479.400000
1024	525.800000
1024	478.720000
1024	530.480000
1024	488.840000
Starting reads on all files
Waiting till all child processes complete..
Average time is 508.310833
1024	499.520000
1024	483.160000
1024	486.960000
1024	488.840000
1024	485.920000
1024	591.520000
1024	484.960000
1024	495.640000
1024	493.160000
1024	491.880000
1024	474.320000
1024	480.240000
1024	477.560000
1024	489.040000
1024	482.360000
1024	486.360000
1024	526.800000
1024	659.000000
1024	533.160000
1024	558.200000
1024	478.120000
1024	533.720000
1024	534.520000
1024	479.280000
1024	487.760000
1024	485.560000
1024	524.200000
1024	479.520000
1024	485.440000
1024	481.680000
1024	659.560000
1024	559.160000
1024	475.280000
1024	497.320000
1024	562.400000
1024	573.240000
1024	555.320000
1024	568.120000
1024	577.600000
1024	577.280000
1024	491.520000
1024	553.080000
1024	561.600000
1024	491.440000
1024	480.960000
1024	519.680000
1024	530.560000
1024	530.120000
Starting reads on all files
Waiting till all child processes complete..
Average time is 518.805000
1024	488.680000
1024	481.120000
1024	485.640000
1024	562.680000
1024	571.520000
1024	549.280000
1024	552.400000
1024	467.560000
1024	5446.840000
1024	560.960000
1024	560.400000
1024	543.200000
1024	479.760000
1024	491.600000
1024	479.520000
1024	482.240000
1024	546.280000
1024	475.200000
1024	484.400000
1024	533.000000
1024	497.040000
1024	487.160000
1024	479.360000
1024	593.520000
1024	487.600000
1024	524.640000
1024	478.040000
1024	571.040000
1024	588.880000
1024	581.040000
1024	473.480000
1024	493.480000
1024	482.400000
1024	490.760000
1024	484.440000
1024	481.640000
1024	477.760000
1024	481.000000
1024	541.560000
1024	482.160000
1024	481.000000
1024	483.680000
1024	476.920000
1024	479.600000
1024	481.200000
1024	571.560000
1024	67968.880000
1024	546.160000
Starting reads on all files
Waiting till all child processes complete..
Average time is 2018.922500
1024	478.520000
1024	488.840000
1024	544.080000
1024	582.880000
1024	567.360000
1024	556.640000
1024	561.400000
1024	547.440000
1024	479.240000
1024	579.760000
1024	480.400000
1024	499.320000
1024	487.160000
1024	569.200000
1024	570.280000
1024	493.160000
1024	479.480000
1024	487.280000
1024	480.600000
1024	544.080000
1024	487.560000
1024	474.080000
1024	561.760000
1024	559.320000
1024	557.640000
1024	478.800000
1024	480.080000
1024	477.880000
1024	486.880000
1024	484.880000
1024	572.920000
1024	573.360000
1024	485.760000
1024	485.680000
1024	479.000000
1024	489.720000
1024	561.680000
1024	565.840000
1024	479.560000
1024	1450.000000
1024	479.840000
1024	480.200000
1024	483.200000
1024	488.480000
1024	582.040000
1024	574.240000
1024	475.520000
1024	597.360000
Starting reads on all files
Waiting till all child processes complete..
Average time is 538.133333
1024	485.840000
1024	492.800000
1024	480.960000
1024	485.000000
1024	483.320000
1024	484.240000
1024	485.560000
1024	490.160000
1024	479.080000
1024	488.200000
1024	484.360000
1024	489.600000
1024	489.080000
1024	479.840000
1024	484.760000
1024	495.680000
1024	494.560000
1024	486.800000
1024	533.640000
1024	529.480000
1024	476.640000
1024	486.080000
1024	568.280000
1024	559.160000
1024	603.520000
1024	499.920000
1024	476.880000
1024	489.720000
1024	578.560000
1024	570.920000
1024	565.440000
1024	485.880000
1024	480.720000
1024	571.280000
1024	563.160000
1024	595.480000
1024	571.800000
1024	577.880000
1024	659.960000
1024	495.600000
1024	481.640000
1024	494.080000
1024	490.240000
1024	490.520000
1024	491.920000
1024	492.720000
1024	564.680000
1024	540.960000
Starting reads on all files
Waiting till all child processes complete..
Average time is 515.554167
1024	477.560000
1024	484.520000
1024	483.120000
1024	490.600000
1024	489.960000
1024	485.080000
1024	481.240000
1024	491.760000
1024	489.240000
1024	573.840000
1024	492.840000
1024	488.120000
1024	485.920000
1024	494.040000
1024	487.960000
1024	486.480000
1024	522.840000
1024	525.440000
1024	481.560000
1024	493.360000
1024	490.800000
1024	491.880000
1024	522.320000
1024	569.000000
1024	566.520000
1024	580.920000
1024	572.760000
1024	486.160000
1024	480.400000
1024	576.800000
1024	613.840000
1024	491.040000
1024	487.680000
1024	487.000000
1024	522.280000
1024	495.600000
1024	526.680000
1024	488.880000
1024	480.840000
1024	482.160000
1024	478.760000
1024	480.840000
1024	485.040000
1024	536.320000
1024	557.760000
1024	490.320000
1024	494.720000
1024	475.920000
Starting reads on all files
Waiting till all child processes complete..
Average time is 506.640000
1024	478.840000
1024	482.800000
1024	481.840000
1024	478.000000
1024	484.520000
1024	473.800000
1024	485.280000
1024	479.120000
1024	488.000000
1024	488.880000
1024	478.200000
1024	484.320000
1024	483.560000
1024	488.600000
1024	475.720000
1024	486.520000
1024	486.600000
1024	477.440000
1024	521.640000
1024	480.080000
1024	481.640000
1024	493.240000
1024	548.640000
1024	573.680000
1024	524.640000
1024	527.760000
1024	565.320000
1024	492.720000
1024	488.760000
1024	477.760000
1024	571.320000
1024	521.280000
1024	550.800000
1024	575.800000
1024	556.040000
1024	567.840000
1024	587.720000
1024	574.080000
1024	565.760000
1024	567.480000
1024	575.920000
1024	483.800000
1024	551.880000
1024	569.880000
1024	566.560000
1024	608.960000
1024	483.400000
1024	585.920000
Starting reads on all files
Waiting till all child processes complete..
Average time is 519.215833
