1024	586.920000
1024	606.120000
1024	499.960000
1024	485.160000
1024	484.080000
1024	508.320000
1024	526.360000
1024	503.560000
1024	516.000000
1024	521.720000
1024	594.600000
1024	582.760000
1024	511.800000
1024	565.040000
1024	484.120000
1024	488.840000
1024	487.320000
1024	486.120000
1024	562.640000
1024	479.560000
1024	550.920000
1024	484.800000
1024	486.480000
1024	478.840000
1024	482.200000
1024	487.200000
1024	484.920000
1024	532.360000
1024	634.960000
1024	532.640000
1024	488.240000
1024	478.840000
Starting reads on all files
Waiting till all child processes complete..
Average time is 518.856250
1024	555.240000
1024	523.080000
1024	489.520000
1024	555.000000
1024	542.800000
1024	476.760000
1024	480.360000
1024	537.320000
1024	474.960000
1024	561.520000
1024	543.000000
1024	555.800000
1024	554.680000
1024	574.440000
1024	575.360000
1024	488.120000
1024	546.240000
1024	479.600000
1024	493.400000
1024	479.840000
1024	488.720000
1024	479.000000
1024	566.280000
1024	480.200000
1024	476.680000
1024	489.920000
1024	510.360000
1024	526.000000
1024	559.200000
1024	492.040000
1024	481.080000
1024	490.800000
Starting reads on all files
Waiting till all child processes complete..
Average time is 516.478750
1024	560.360000
1024	479.440000
1024	504.520000
1024	479.240000
1024	579.160000
1024	489.080000
1024	570.960000
1024	587.520000
1024	563.000000
1024	577.280000
1024	567.920000
1024	561.120000
1024	556.200000
1024	599.280000
1024	479.200000
1024	568.520000
1024	565.160000
1024	553.600000
1024	485.360000
1024	522.640000
1024	527.640000
1024	475.760000
1024	491.200000
1024	492.800000
1024	13824.120000
1024	473.640000
1024	480.160000
1024	633.760000
1024	487.160000
1024	559.320000
1024	489.720000
1024	493.880000
Starting reads on all files
Waiting till all child processes complete..
Average time is 946.210000
1024	487.880000
1024	483.520000
1024	476.280000
1024	493.200000
1024	508.200000
1024	485.560000
1024	490.280000
1024	487.560000
1024	489.880000
1024	486.040000
1024	497.400000
1024	532.280000
1024	488.920000
1024	494.480000
1024	953.520000
1024	561.120000
1024	575.600000
1024	569.080000
1024	564.920000
1024	484.920000
1024	603.920000
1024	474.600000
1024	560.000000
1024	488.600000
1024	570.120000
1024	568.640000
1024	557.760000
1024	566.640000
1024	490.040000
1024	569.200000
1024	481.600000
1024	486.080000
Starting reads on all files
Waiting till all child processes complete..
Average time is 532.120000
1024	481.720000
1024	566.760000
1024	519.120000
1024	543.200000
1024	514.280000
1024	480.960000
1024	475.840000
1024	483.600000
1024	494.320000
1024	487.400000
1024	557.000000
1024	557.680000
1024	570.840000
1024	584.200000
1024	567.880000
1024	570.000000
1024	495.480000
1024	520.920000
1024	528.680000
1024	555.040000
1024	496.720000
1024	570.960000
1024	565.520000
1024	573.960000
1024	487.200000
1024	562.440000
1024	563.680000
1024	560.880000
1024	489.880000
1024	479.120000
1024	556.960000
1024	477.800000
Starting reads on all files
Waiting till all child processes complete..
Average time is 529.376250
1024	572.800000
1024	561.760000
1024	592.520000
1024	481.440000
1024	482.600000
1024	483.760000
1024	496.440000
1024	500.440000
1024	498.360000
1024	565.120000
1024	566.240000
1024	575.160000
1024	481.480000
1024	480.080000
1024	594.200000
1024	486.120000
1024	490.480000
1024	491.600000
1024	573.640000
1024	573.800000
1024	570.160000
1024	473.600000
1024	569.560000
1024	573.920000
1024	487.400000
1024	19596.800000
1024	490.880000
1024	475.800000
1024	487.120000
1024	486.480000
1024	528.200000
1024	540.560000
Starting reads on all files
Waiting till all child processes complete..
Average time is 1119.641250
1024	482.080000
1024	474.160000
1024	477.800000
1024	483.880000
1024	553.600000
1024	608.840000
1024	492.600000
1024	477.120000
1024	487.080000
1024	486.640000
1024	482.360000
1024	612.840000
1024	477.200000
1024	481.600000
1024	490.200000
1024	491.120000
1024	482.880000
1024	573.600000
1024	482.960000
1024	566.800000
1024	526.160000
1024	521.160000
1024	483.800000
1024	559.040000
1024	478.680000
1024	485.560000
1024	557.080000
1024	483.360000
1024	553.000000
1024	491.160000
1024	564.480000
1024	566.000000
Starting reads on all files
Waiting till all child processes complete..
Average time is 513.588750
1024	510.840000
1024	483.720000
1024	490.520000
1024	566.480000
1024	573.000000
1024	571.920000
1024	474.280000
1024	486.880000
1024	487.880000
1024	499.240000
1024	480.760000
1024	494.480000
1024	582.480000
1024	482.200000
1024	576.160000
1024	559.000000
1024	574.360000
1024	576.240000
1024	481.320000
1024	588.160000
1024	482.160000
1024	567.480000
1024	528.240000
1024	618.760000
1024	587.400000
1024	566.880000
1024	568.560000
1024	485.000000
1024	576.640000
1024	567.960000
1024	556.040000
1024	569.440000
Starting reads on all files
Waiting till all child processes complete..
Average time is 537.952500
1024	482.480000
1024	483.440000
1024	479.760000
1024	479.320000
1024	475.000000
1024	483.240000
1024	488.880000
1024	485.400000
1024	483.280000
1024	480.920000
1024	482.920000
1024	480.080000
1024	474.160000
1024	475.720000
1024	489.200000
1024	474.880000
1024	477.680000
1024	527.120000
1024	571.080000
1024	568.600000
1024	566.840000
1024	493.800000
1024	482.000000
1024	489.760000
1024	517.720000
1024	550.760000
1024	562.040000
1024	572.920000
1024	553.480000
1024	557.920000
1024	565.160000
1024	576.480000
Starting reads on all files
Waiting till all child processes complete..
Average time is 510.376250
1024	482.840000
1024	478.520000
1024	476.160000
1024	483.000000
1024	482.920000
1024	491.680000
1024	480.520000
1024	561.880000
1024	477.080000
1024	478.200000
1024	478.640000
1024	565.440000
1024	574.760000
1024	578.680000
1024	561.800000
1024	570.480000
1024	585.280000
1024	560.120000
1024	567.200000
1024	566.480000
1024	574.880000
1024	526.360000
1024	588.080000
1024	579.760000
1024	564.440000
1024	496.280000
1024	474.840000
1024	481.800000
1024	564.720000
1024	481.720000
1024	486.800000
1024	571.200000
Starting reads on all files
Waiting till all child processes complete..
Average time is 527.892500
1024	574.680000
1024	573.720000
1024	484.560000
1024	556.960000
1024	575.200000
1024	482.400000
1024	558.680000
1024	703.160000
1024	559.600000
1024	566.880000
1024	483.200000
1024	489.440000
1024	525.640000
1024	622.360000
1024	478.320000
1024	577.080000
1024	553.240000
1024	559.440000
1024	487.800000
1024	652.680000
1024	559.360000
1024	530.840000
1024	497.720000
1024	480.280000
1024	478.360000
1024	593.360000
1024	579.680000
1024	564.240000
1024	562.200000
1024	489.920000
1024	575.680000
1024	573.200000
Starting reads on all files
Waiting till all child processes complete..
Average time is 548.433750
1024	477.160000
1024	498.000000
1024	485.040000
1024	483.320000
1024	490.400000
1024	482.720000
1024	568.960000
1024	574.520000
1024	555.440000
1024	482.760000
1024	523.320000
1024	476.720000
1024	484.520000
1024	574.520000
1024	479.720000
1024	565.920000
1024	480.560000
1024	479.520000
1024	478.840000
1024	578.280000
1024	484.560000
1024	569.160000
1024	490.400000
1024	545.560000
1024	490.320000
1024	562.480000
1024	562.000000
1024	592.720000
1024	476.920000
1024	523.680000
1024	572.400000
1024	574.640000
Starting reads on all files
Waiting till all child processes complete..
Average time is 520.783750
1024	484.200000
1024	560.200000
1024	486.360000
1024	496.160000
1024	481.480000
1024	481.520000
1024	563.640000
1024	576.240000
1024	580.360000
1024	564.400000
1024	575.520000
1024	488.520000
1024	502.600000
1024	531.520000
1024	583.960000
1024	488.400000
1024	525.000000
1024	561.480000
1024	478.520000
1024	487.560000
1024	569.400000
1024	569.800000
1024	567.400000
1024	587.800000
1024	582.280000
1024	562.960000
1024	555.520000
1024	491.800000
1024	567.200000
1024	480.840000
1024	581.440000
1024	492.440000
Starting reads on all files
Waiting till all child processes complete..
Average time is 534.578750
1024	481.600000
1024	559.560000
1024	492.400000
1024	485.200000
1024	545.640000
1024	486.120000
1024	563.560000
1024	489.800000
1024	567.040000
1024	572.800000
1024	491.560000
1024	561.080000
1024	488.920000
1024	483.880000
1024	1475.800000
1024	569.760000
1024	568.560000
1024	562.200000
1024	522.400000
1024	475.720000
1024	562.240000
1024	490.400000
1024	490.640000
1024	490.680000
1024	576.960000
1024	570.440000
1024	567.400000
1024	569.280000
1024	568.000000
1024	82916.240000
1024	560.880000
1024	570.880000
Starting reads on all files
Waiting till all child processes complete..
Average time is 3136.801250
1024	476.720000
1024	482.360000
1024	558.040000
1024	563.320000
1024	574.880000
1024	483.120000
1024	519.840000
1024	499.480000
1024	577.960000
1024	610.760000
1024	564.920000
1024	598.480000
1024	560.600000
1024	567.040000
1024	571.760000
1024	599.560000
1024	562.200000
1024	533.840000
1024	566.040000
1024	574.400000
1024	570.360000
1024	493.760000
1024	475.720000
1024	477.960000
1024	499.000000
1024	486.240000
1024	562.040000
1024	485.640000
1024	524.640000
1024	569.320000
1024	568.600000
1024	576.840000
Starting reads on all files
Waiting till all child processes complete..
Average time is 541.732500
1024	537.880000
1024	483.360000
1024	487.600000
1024	536.120000
1024	560.960000
1024	503.040000
1024	566.080000
1024	489.040000
1024	483.840000
1024	568.680000
1024	479.120000
1024	479.080000
1024	482.040000
1024	572.120000
1024	480.360000
1024	476.240000
1024	583.000000
1024	563.920000
1024	565.800000
1024	577.320000
1024	526.640000
1024	572.480000
1024	566.920000
1024	560.520000
1024	566.480000
1024	1691.480000
1024	570.520000
1024	480.960000
1024	480.920000
1024	479.000000
1024	575.480000
1024	666.520000
Starting reads on all files
Waiting till all child processes complete..
Average time is 569.172500
1024	573.000000
1024	488.240000
1024	490.600000
1024	480.040000
1024	569.680000
1024	483.920000
1024	561.280000
1024	482.800000
1024	563.680000
1024	487.840000
1024	568.080000
1024	575.680000
1024	491.640000
1024	476.680000
1024	570.080000
1024	617.680000
1024	566.440000
1024	573.040000
1024	485.680000
1024	592.400000
1024	523.480000
1024	1458.040000
1024	567.920000
1024	485.120000
1024	486.040000
1024	486.040000
1024	482.000000
1024	480.120000
1024	675.640000
1024	568.520000
1024	490.720000
1024	562.080000
Starting reads on all files
Waiting till all child processes complete..
Average time is 561.381250
1024	566.360000
1024	555.560000
1024	477.320000
1024	537.040000
1024	580.880000
1024	488.400000
1024	560.520000
1024	488.760000
1024	570.040000
1024	571.280000
1024	564.080000
1024	577.320000
1024	481.600000
1024	565.320000
1024	555.480000
1024	575.040000
1024	572.480000
1024	569.040000
1024	482.400000
1024	556.320000
1024	572.040000
1024	561.480000
1024	474.480000
1024	488.000000
1024	594.840000
1024	572.440000
1024	572.200000
1024	571.720000
1024	553.560000
1024	568.800000
1024	487.760000
1024	574.320000
Starting reads on all files
Waiting till all child processes complete..
Average time is 546.465000
1024	567.760000
1024	591.240000
1024	481.000000
1024	485.960000
1024	561.920000
1024	482.920000
1024	493.680000
1024	483.320000
1024	567.320000
1024	486.200000
1024	561.120000
1024	564.360000
1024	572.880000
1024	556.120000
1024	562.840000
1024	569.560000
1024	523.480000
1024	558.200000
1024	560.880000
1024	556.200000
1024	570.200000
1024	575.280000
1024	570.600000
1024	573.840000
1024	568.440000
1024	561.920000
1024	489.880000
1024	487.120000
1024	565.800000
1024	579.760000
1024	572.200000
1024	559.000000
Starting reads on all files
Waiting till all child processes complete..
Average time is 545.656250
1024	502.640000
1024	482.360000
1024	571.760000
1024	567.200000
1024	574.520000
1024	5371.160000
1024	477.800000
1024	475.080000
1024	481.560000
1024	567.800000
1024	577.200000
1024	681.880000
1024	567.920000
1024	567.360000
1024	562.800000
1024	480.480000
1024	480.720000
1024	561.800000
1024	564.360000
1024	524.200000
1024	571.760000
1024	585.280000
1024	569.920000
1024	473.840000
1024	487.320000
1024	478.640000
1024	565.240000
1024	568.960000
1024	497.400000
1024	476.880000
1024	476.120000
1024	6110.280000
Starting reads on all files
Waiting till all child processes complete..
Average time is 859.445000
