12288	1589.880000
12288	1392.880000
12288	1458.880000
12288	1415.360000
12288	1684.120000
12288	1431.400000
12288	1504.160000
12288	1873.480000
12288	1845.160000
12288	1880.840000
12288	1624.760000
12288	1450.800000
12288	1584.360000
12288	1442.200000
12288	1397.000000
12288	1544.440000
12288	1898.040000
12288	1402.000000
12288	1646.080000
12288	1605.840000
12288	1848.800000
12288	1721.760000
12288	1721.440000
12288	1875.800000
12288	1542.040000
12288	1602.040000
12288	1545.320000
12288	1549.440000
12288	1581.600000
12288	1507.880000
12288	1418.640000
12288	1453.800000
12288	1628.400000
12288	1525.640000
12288	1531.240000
12288	1449.600000
12288	1527.480000
12288	1648.800000
12288	1683.000000
12288	1532.720000
12288	1468.240000
12288	1472.520000
12288	1681.080000
12288	1542.120000
12288	1517.840000
12288	1492.360000
12288	1857.920000
12288	1545.120000
12288	1653.880000
12288	1458.840000
12288	1588.000000
12288	1549.800000
12288	1728.120000
12288	1621.680000
12288	1687.600000
12288	1614.480000
12288	1690.520000
12288	1632.040000
12288	1872.480000
12288	1516.920000
12288	13221.720000
12288	1648.360000
12288	1607.480000
12288	1704.000000
Starting reads on all files
Waiting till all child processes complete..
Average time is 1780.316250
12288	1506.200000
12288	1482.360000
12288	1438.960000
12288	1450.360000
12288	1828.360000
12288	1442.160000
12288	1527.960000
12288	1518.200000
12288	1425.760000
12288	1492.000000
12288	1970.960000
12288	1520.240000
12288	1399.640000
12288	1521.560000
12288	1502.200000
12288	1716.040000
12288	1563.960000
12288	1526.880000
12288	1396.400000
12288	1990.240000
12288	1575.880000
12288	1555.480000
12288	1386.800000
12288	1545.440000
12288	1468.320000
12288	1497.040000
12288	1466.920000
12288	1540.920000
12288	1395.760000
12288	1496.400000
12288	1424.360000
12288	1536.800000
12288	1530.800000
12288	1670.960000
12288	1849.800000
12288	1828.560000
12288	1645.520000
12288	1710.560000
12288	1868.800000
12288	1542.200000
12288	1516.560000
12288	1857.960000
12288	1515.520000
12288	1462.560000
12288	1895.360000
12288	1636.080000
12288	1416.120000
12288	1435.040000
12288	1455.360000
12288	1476.480000
12288	94532.680000
12288	1456.240000
12288	1558.040000
12288	1484.400000
12288	1411.360000
12288	1711.920000
12288	1423.720000
12288	1665.040000
12288	1460.800000
12288	1552.480000
12288	1405.200000
12288	1563.880000
12288	1625.480000
12288	34554.520000
Starting reads on all files
Waiting till all child processes complete..
Average time is 3528.602500
12288	1461.800000
12288	1462.160000
12288	1435.720000
12288	1740.880000
12288	1424.760000
12288	1869.160000
12288	1860.480000
12288	1412.840000
12288	1516.440000
12288	1857.040000
12288	1591.920000
12288	1561.640000
12288	1605.280000
12288	1468.240000
12288	1818.160000
12288	1691.920000
12288	1611.920000
12288	1645.680000
12288	1543.320000
12288	1533.440000
12288	1481.880000
12288	1496.720000
12288	1509.240000
12288	1546.280000
12288	1492.720000
12288	1397.720000
12288	1483.680000
12288	1619.040000
12288	1834.360000
12288	1530.240000
12288	1561.720000
12288	1758.240000
12288	1527.760000
12288	1555.720000
12288	1575.080000
12288	1522.200000
12288	1844.080000
12288	1549.960000
12288	1815.000000
12288	1517.560000
12288	1567.000000
12288	1526.880000
12288	1485.960000
12288	1517.160000
12288	1812.440000
12288	1573.560000
12288	1384.160000
12288	1531.560000
12288	1400.040000
12288	1637.800000
12288	1503.480000
12288	1577.160000
12288	1565.080000
12288	1390.880000
12288	1441.000000
12288	1429.640000
12288	1665.720000
12288	1549.120000
12288	1511.800000
12288	1493.160000
12288	1589.520000
12288	1456.880000
12288	1524.720000
12288	1564.120000
Starting reads on all files
Waiting till all child processes complete..
Average time is 1569.231875
12288	1553.640000
12288	1691.800000
12288	1437.000000
12288	1440.600000
12288	1385.320000
12288	1398.560000
12288	1407.280000
12288	1882.120000
12288	1843.360000
12288	1437.800000
12288	1578.840000
12288	1483.120000
12288	1825.640000
12288	1427.360000
12288	1528.480000
12288	1838.440000
12288	1589.120000
12288	1886.440000
12288	1869.640000
12288	1550.360000
12288	1530.480000
12288	1655.080000
12288	1820.840000
12288	1540.400000
12288	1417.960000
12288	1543.680000
12288	1546.720000
12288	1537.000000
12288	1417.840000
12288	1395.120000
12288	1584.520000
12288	1450.520000
12288	1554.640000
12288	1443.440000
12288	1429.080000
12288	1533.600000
12288	1383.080000
12288	1535.680000
12288	1449.800000
12288	1388.400000
12288	1551.040000
12288	1647.840000
12288	1437.080000
12288	1547.600000
12288	1541.520000
12288	1627.200000
12288	1627.720000
12288	1656.400000
12288	1598.600000
12288	1625.960000
12288	1413.720000
12288	1840.080000
12288	1525.800000
12288	1419.960000
12288	1534.920000
12288	1755.480000
12288	7502.080000
12288	1552.360000
12288	1679.240000
12288	1698.920000
12288	1595.360000
12288	1542.760000
12288	1477.120000
12288	1520.560000
Starting reads on all files
Waiting till all child processes complete..
Average time is 1658.314375
12288	1457.680000
12288	1423.680000
12288	1449.160000
12288	1858.840000
12288	1568.080000
12288	1423.600000
12288	1509.000000
12288	7339.240000
12288	1469.640000
12288	1440.600000
12288	1576.560000
12288	1421.080000
12288	1391.760000
12288	1538.880000
12288	1832.760000
12288	1814.920000
12288	1489.480000
12288	1516.720000
12288	1866.480000
12288	1846.840000
12288	1480.280000
12288	1540.720000
12288	1840.360000
12288	1520.480000
12288	1487.080000
12288	1438.240000
12288	1525.600000
12288	1511.440000
12288	1440.600000
12288	1524.280000
12288	1550.800000
12288	1810.120000
12288	1467.760000
12288	1412.600000
12288	1611.440000
12288	1630.360000
12288	1443.560000
12288	1403.880000
12288	1569.240000
12288	1474.400000
12288	1463.880000
12288	1601.440000
12288	1532.080000
12288	1542.840000
12288	1573.000000
12288	1430.080000
12288	1534.200000
12288	1507.320000
12288	1646.280000
12288	133987.160000
12288	1832.160000
12288	1553.000000
12288	1513.440000
12288	1406.480000
12288	1575.560000
12288	1532.600000
12288	1429.040000
12288	1395.680000
12288	1488.600000
12288	1686.720000
12288	1650.680000
12288	1575.720000
12288	1744.040000
12288	1462.400000
Starting reads on all files
Waiting till all child processes complete..
Average time is 3712.228750
12288	1455.680000
12288	1468.160000
12288	1423.600000
12288	1480.640000
12288	1460.200000
12288	1426.240000
12288	1435.000000
12288	1530.760000
12288	1544.680000
12288	1479.240000
12288	1604.200000
12288	1430.720000
12288	1866.160000
12288	1545.280000
12288	1848.560000
12288	1666.520000
12288	1515.520000
12288	1532.040000
12288	1567.560000
12288	1659.840000
12288	1542.960000
12288	1398.400000
12288	1512.400000
12288	1488.760000
12288	1545.520000
12288	1512.760000
12288	1804.800000
12288	1716.000000
12288	1420.920000
12288	1652.520000
12288	1448.400000
12288	1848.760000
12288	1558.720000
12288	1476.480000
12288	1693.640000
12288	1541.240000
12288	1573.800000
12288	1562.200000
12288	1422.880000
12288	1456.600000
12288	1456.680000
12288	1418.800000
12288	1523.800000
12288	180153.080000
12288	1494.120000
12288	1415.400000
12288	1640.520000
12288	1675.640000
12288	1886.120000
12288	1445.520000
12288	1510.560000
12288	1878.000000
12288	1394.160000
12288	1573.480000
12288	1595.880000
12288	1639.400000
12288	5573.840000
12288	1586.880000
12288	1484.960000
12288	1575.600000
12288	1417.800000
12288	1836.160000
12288	1965.320000
12288	1600.080000
Starting reads on all files
Waiting till all child processes complete..
Average time is 4419.690000
12288	1458.080000
12288	1395.280000
12288	1417.680000
12288	1409.000000
12288	5496.840000
12288	1458.480000
12288	1610.880000
12288	1448.680000
12288	12859.880000
12288	1390.000000
12288	1431.920000
12288	1580.960000
12288	1859.160000
12288	1439.960000
12288	1510.120000
12288	1836.400000
12288	1640.240000
12288	1557.240000
12288	1525.680000
12288	1558.160000
12288	1810.440000
12288	1860.760000
12288	1551.920000
12288	1847.520000
12288	1526.720000
12288	1694.920000
12288	1823.960000
12288	1555.440000
12288	1499.000000
12288	1547.760000
12288	1506.960000
12288	1414.880000
12288	1438.440000
12288	1715.440000
12288	1440.520000
12288	1596.560000
12288	1540.680000
12288	1399.440000
12288	1416.040000
12288	1442.280000
12288	1525.000000
12288	1662.040000
12288	1540.160000
12288	1535.400000
12288	1500.360000
12288	1619.880000
12288	1844.960000
12288	1529.720000
12288	1429.760000
12288	1522.880000
12288	1537.520000
12288	1466.600000
12288	1826.480000
12288	1492.880000
12288	1566.160000
12288	1527.160000
12288	1595.040000
12288	1518.960000
12288	1515.760000
12288	1720.560000
12288	1417.080000
12288	1425.280000
12288	1392.920000
12288	1646.800000
Starting reads on all files
Waiting till all child processes complete..
Average time is 1794.901250
12288	1442.200000
12288	1474.320000
12288	1488.440000
12288	1487.560000
12288	1526.600000
12288	1495.240000
12288	1510.400000
12288	1482.480000
12288	1497.440000
12288	1542.800000
12288	1846.600000
12288	1833.160000
12288	1540.320000
12288	1522.480000
12288	1861.440000
12288	1587.440000
12288	1460.480000
12288	1587.920000
12288	1478.840000
12288	1390.360000
12288	1533.040000
12288	1745.280000
12288	1641.360000
12288	1640.400000
12288	1529.120000
12288	1516.640000
12288	1522.680000
12288	1450.560000
12288	1532.080000
12288	1546.640000
12288	2920.400000
12288	1574.040000
12288	1707.520000
12288	5602.440000
12288	1487.320000
12288	1694.960000
12288	1567.160000
12288	1508.440000
12288	1506.680000
12288	1579.920000
12288	1826.480000
12288	5577.680000
12288	1529.680000
12288	1528.640000
12288	1427.960000
12288	1532.160000
12288	1438.520000
12288	1528.920000
12288	1917.000000
12288	1621.600000
12288	1508.320000
12288	1468.800000
12288	1691.160000
12288	1515.920000
12288	1509.200000
12288	1561.640000
12288	1576.120000
12288	1539.600000
12288	1689.040000
12288	1590.400000
12288	1573.200000
12288	1684.400000
12288	1625.800000
12288	1488.920000
Starting reads on all files
Waiting till all child processes complete..
Average time is 1715.849375
12288	1485.640000
12288	1416.080000
12288	1469.160000
12288	1444.080000
12288	1463.840000
12288	1400.160000
12288	1401.960000
12288	1442.400000
12288	1873.560000
12288	1500.720000
12288	1835.600000
12288	1418.600000
12288	1444.240000
12288	1615.360000
12288	1552.680000
12288	1443.120000
12288	1883.440000
12288	1576.560000
12288	1807.720000
12288	1869.840000
12288	1828.600000
12288	1694.480000
12288	1535.280000
12288	1469.000000
12288	1523.600000
12288	1503.880000
12288	1844.440000
12288	1619.160000
12288	1663.480000
12288	1542.440000
12288	1520.720000
12288	1425.440000
12288	1503.000000
12288	1757.280000
12288	1548.040000
12288	1773.520000
12288	1397.400000
12288	1446.000000
12288	1544.440000
12288	1649.400000
12288	1554.760000
12288	1594.600000
12288	1670.160000
12288	1633.040000
12288	1550.600000
12288	1572.160000
12288	1395.000000
12288	1563.320000
12288	1533.600000
12288	1403.920000
12288	1564.000000
12288	1572.560000
12288	1553.960000
12288	1650.480000
12288	1481.720000
12288	1586.160000
12288	1862.480000
12288	1442.800000
12288	1595.400000
12288	1862.640000
12288	1576.000000
12288	1430.960000
12288	1453.320000
12288	1446.960000
Starting reads on all files
Waiting till all child processes complete..
Average time is 1573.202500
12288	1463.720000
12288	1447.080000
12288	1413.200000
12288	1443.400000
12288	1441.840000
12288	1491.640000
12288	1489.280000
12288	1514.200000
12288	1493.280000
12288	1438.200000
12288	1464.480000
12288	2016.360000
12288	1854.200000
12288	1878.960000
12288	1598.080000
12288	1545.600000
12288	1542.320000
12288	1588.520000
12288	1605.240000
12288	1855.920000
12288	1868.680000
12288	1829.360000
12288	1478.320000
12288	1588.560000
12288	1482.640000
12288	1508.200000
12288	1518.360000
12288	1668.520000
12288	1521.800000
12288	1643.120000
12288	1860.160000
12288	1463.040000
12288	1431.160000
12288	1501.240000
12288	1845.080000
12288	1451.320000
12288	1687.760000
12288	1470.280000
12288	1450.200000
12288	1403.600000
12288	1666.200000
12288	1514.880000
12288	1476.960000
12288	1467.080000
12288	1575.520000
12288	1555.560000
12288	1405.400000
12288	1562.440000
12288	1558.760000
12288	1425.160000
12288	1642.600000
12288	1537.080000
12288	1656.520000
12288	1581.360000
12288	1583.680000
12288	1517.520000
12288	1439.000000
12288	1559.240000
12288	1604.200000
12288	1700.400000
12288	1403.080000
12288	1429.920000
12288	1544.760000
12288	1435.040000
Starting reads on all files
Waiting till all child processes complete..
Average time is 1564.051250
12288	1501.240000
12288	1416.160000
12288	1447.160000
12288	1411.920000
12288	1400.000000
12288	1394.160000
12288	1593.080000
12288	1702.840000
12288	1834.280000
12288	1904.760000
12288	1441.760000
12288	1516.200000
12288	1483.400000
12288	1456.680000
12288	1484.720000
12288	1424.720000
12288	1465.120000
12288	1525.160000
12288	1521.560000
12288	1536.640000
12288	1563.080000
12288	1978.880000
12288	1522.360000
12288	1428.880000
12288	1780.840000
12288	1466.120000
12288	1549.160000
12288	1615.800000
12288	1647.960000
12288	1478.040000
12288	1603.440000
12288	1789.480000
12288	1662.440000
12288	1541.680000
12288	1848.560000
12288	1889.360000
12288	1546.720000
12288	1861.640000
12288	1559.040000
12288	1766.840000
12288	1667.280000
12288	1557.600000
12288	1437.280000
12288	1636.960000
12288	1535.600000
12288	1722.560000
12288	1434.680000
12288	1424.280000
12288	1543.280000
12288	1542.840000
12288	1460.800000
12288	1402.760000
12288	1805.800000
12288	1961.000000
12288	1568.600000
12288	1543.280000
12288	1430.520000
12288	1578.440000
12288	1404.120000
12288	1531.960000
12288	1399.680000
12288	1530.680000
12288	1474.160000
12288	1532.560000
Starting reads on all files
Waiting till all child processes complete..
Average time is 1573.259375
12288	1571.560000
12288	2796.400000
12288	1431.160000
12288	1516.240000
12288	1420.480000
12288	1449.520000
12288	1616.640000
12288	1566.760000
12288	1577.520000
12288	1494.400000
12288	1644.400000
12288	1451.040000
12288	1832.160000
12288	1489.560000
12288	1502.960000
12288	1529.800000
12288	1836.480000
12288	1549.960000
12288	1670.800000
12288	1555.200000
12288	1597.360000
12288	1550.680000
12288	1524.760000
12288	1628.360000
12288	1697.520000
12288	1568.000000
12288	1609.040000
12288	1473.840000
12288	1514.880000
12288	1656.320000
12288	1556.360000
12288	1494.240000
12288	1655.760000
12288	1684.440000
12288	1556.640000
12288	1502.920000
12288	1619.480000
12288	1538.560000
12288	1504.480000
12288	1816.040000
12288	1573.840000
12288	1558.320000
12288	1533.720000
12288	1515.680000
12288	1437.960000
12288	1807.880000
12288	1559.480000
12288	1474.800000
12288	1629.360000
12288	1507.600000
12288	1517.080000
12288	1548.720000
12288	1536.320000
12288	1721.360000
12288	1532.160000
12288	1680.280000
12288	1504.720000
12288	1566.360000
12288	1584.040000
12288	1541.560000
12288	1844.520000
12288	1858.680000
12288	1610.520000
12288	1873.400000
Starting reads on all files
Waiting till all child processes complete..
Average time is 1605.798125
12288	1494.840000
12288	1467.320000
12288	1487.800000
12288	1853.560000
12288	1497.600000
12288	1482.760000
12288	1478.160000
12288	1434.800000
12288	1437.360000
12288	1450.840000
12288	1883.840000
12288	1424.160000
12288	1526.520000
12288	1889.120000
12288	1552.080000
12288	1510.240000
12288	1628.400000
12288	1832.520000
12288	1841.800000
12288	1501.040000
12288	1567.360000
12288	1524.120000
12288	1573.320000
12288	1472.880000
12288	1444.920000
12288	1550.520000
12288	1550.560000
12288	1692.680000
12288	1512.640000
12288	1421.240000
12288	1456.960000
12288	1483.680000
12288	1451.000000
12288	1624.160000
12288	1594.320000
12288	1450.040000
12288	1439.880000
12288	1593.160000
12288	1440.640000
12288	1558.720000
12288	1543.280000
12288	1767.320000
12288	1572.120000
12288	1508.280000
12288	1574.960000
12288	1540.520000
12288	1404.400000
12288	1470.000000
12288	1413.200000
12288	266138.520000
12288	1602.640000
12288	1906.040000
12288	1431.200000
12288	1624.480000
12288	1529.280000
12288	1690.360000
12288	1466.400000
12288	1435.600000
12288	1659.600000
12288	1450.680000
12288	1940.160000
12288	1466.320000
12288	1858.080000
12288	67105.480000
Starting reads on all files
Waiting till all child processes complete..
Average time is 6721.507500
12288	1564.560000
12288	1568.520000
12288	1826.240000
12288	1850.000000
12288	1556.560000
12288	1561.360000
12288	1622.240000
12288	1534.480000
12288	1516.320000
12288	1527.160000
12288	1584.320000
12288	1550.840000
12288	1432.280000
12288	1545.520000
12288	1461.120000
12288	1496.640000
12288	1605.480000
12288	1410.200000
12288	1656.280000
12288	1849.120000
12288	1518.640000
12288	1444.840000
12288	1823.800000
12288	1520.720000
12288	1594.360000
12288	1841.600000
12288	1635.000000
12288	1444.800000
12288	1582.400000
12288	1449.280000
12288	1648.280000
12288	1577.440000
12288	1541.600000
12288	1633.360000
12288	1547.400000
12288	1478.560000
12288	1572.920000
12288	1648.720000
12288	1541.000000
12288	1406.080000
12288	1499.200000
12288	1435.600000
12288	1611.400000
12288	1701.440000
12288	1588.520000
12288	1560.560000
12288	1735.160000
12288	1846.800000
12288	1521.920000
12288	1570.280000
12288	1526.600000
12288	1853.480000
12288	1577.800000
12288	1566.520000
12288	1503.880000
12288	1585.320000
12288	1629.440000
12288	1527.600000
12288	1530.240000
12288	1554.520000
12288	1690.680000
12288	1504.320000
12288	1505.560000
12288	1548.720000
Starting reads on all files
Waiting till all child processes complete..
Average time is 1583.525000
12288	1579.360000
12288	1820.640000
12288	1440.920000
12288	1407.960000
12288	1457.840000
12288	1828.800000
12288	1521.840000
12288	1519.520000
12288	1914.360000
12288	1393.480000
12288	1431.680000
12288	1484.920000
12288	1612.640000
12288	1556.360000
12288	1427.560000
12288	1884.840000
12288	1456.720000
12288	1531.440000
12288	1902.560000
12288	1611.480000
12288	1822.040000
12288	1525.320000
12288	1583.200000
12288	1464.160000
12288	1536.080000
12288	1661.160000
12288	1869.960000
12288	1507.840000
12288	1395.440000
12288	1556.640000
12288	1731.320000
12288	1504.800000
12288	1469.240000
12288	1528.960000
12288	1446.160000
12288	1664.000000
12288	1444.360000
12288	1471.400000
12288	1568.040000
12288	1547.760000
12288	1420.040000
12288	1559.280000
12288	1534.560000
12288	1402.280000
12288	1655.440000
12288	1666.200000
12288	1682.960000
12288	1512.760000
12288	1518.640000
12288	1750.400000
12288	1640.800000
12288	1442.200000
12288	1528.600000
12288	1503.080000
12288	1556.800000
12288	1827.400000
12288	1577.880000
12288	1442.720000
12288	1916.120000
12288	1447.600000
12288	1469.480000
12288	1459.920000
12288	1626.520000
12288	6263.760000
Starting reads on all files
Waiting till all child processes complete..
Average time is 1648.253750
12288	1475.240000
12288	1432.920000
12288	1419.400000
12288	1690.520000
12288	1386.280000
12288	1431.880000
12288	1469.120000
12288	1443.360000
12288	1673.400000
12288	1420.200000
12288	1456.200000
12288	1393.480000
12288	1436.240000
12288	1400.200000
12288	1865.600000
12288	1411.120000
12288	1528.520000
12288	1816.480000
12288	1541.240000
12288	1453.160000
12288	1542.720000
12288	1886.160000
12288	1940.560000
12288	1485.880000
12288	1580.520000
12288	1502.680000
12288	1521.680000
12288	1576.520000
12288	1659.200000
12288	1388.760000
12288	1565.200000
12288	1849.120000
12288	1559.680000
12288	1506.360000
12288	1478.600000
12288	1622.120000
12288	1469.880000
12288	1477.920000
12288	1430.280000
12288	1425.080000
12288	1529.440000
12288	1583.560000
12288	1586.320000
12288	1546.760000
12288	1493.840000
12288	1473.600000
12288	1854.320000
12288	1651.560000
12288	1844.240000
12288	1705.480000
12288	1727.560000
12288	1442.520000
12288	1689.720000
12288	1550.640000
12288	1510.760000
12288	1388.440000
12288	1610.840000
12288	1397.160000
12288	1625.080000
12288	1407.400000
12288	1536.360000
12288	1837.920000
12288	1410.960000
12288	1508.800000
Starting reads on all files
Waiting till all child processes complete..
Average time is 1555.105625
12288	1460.600000
12288	1449.800000
12288	1521.800000
12288	1453.720000
12288	1554.320000
12288	1433.000000
12288	1551.160000
12288	1486.440000
12288	1403.560000
12288	1432.120000
12288	1880.160000
12288	1844.440000
12288	1543.320000
12288	2005.120000
12288	1640.520000
12288	1433.280000
12288	1443.600000
12288	1571.480000
12288	1968.800000
12288	1716.840000
12288	1478.080000
12288	1899.640000
12288	1543.560000
12288	1527.200000
12288	5514.720000
12288	1861.960000
12288	1419.760000
12288	1511.800000
12288	1519.000000
12288	1717.080000
12288	1464.240000
12288	1523.240000
12288	1469.120000
12288	1553.320000
12288	1496.680000
12288	1448.400000
12288	1562.560000
12288	1454.800000
12288	1651.640000
12288	1585.720000
12288	1391.320000
12288	1514.800000
12288	1528.920000
12288	1539.960000
12288	1459.240000
12288	1428.160000
12288	1443.840000
12288	1804.840000
12288	1588.160000
12288	1568.280000
12288	1601.880000
12288	1723.240000
12288	1447.280000
12288	1546.800000
12288	125503.040000
12288	1748.280000
12288	1853.040000
12288	1422.040000
12288	1528.000000
12288	1501.440000
12288	1974.800000
12288	1563.520000
12288	1486.160000
12288	1449.640000
Starting reads on all files
Waiting till all child processes complete..
Average time is 3572.082500
12288	1458.320000
12288	1445.120000
12288	1446.760000
12288	1416.680000
12288	1434.280000
12288	1434.000000
12288	1460.320000
12288	1395.520000
12288	1875.680000
12288	2059.360000
12288	1453.320000
12288	1892.760000
12288	1569.480000
12288	1610.440000
12288	1508.640000
12288	1386.880000
12288	1388.680000
12288	1559.440000
12288	1857.160000
12288	1511.840000
12288	1474.080000
12288	1556.280000
12288	1422.920000
12288	1501.840000
12288	1570.800000
12288	1658.720000
12288	1493.480000
12288	1533.880000
12288	1522.040000
12288	1672.720000
12288	1402.720000
12288	1686.840000
12288	1439.360000
12288	1528.760000
12288	1832.360000
12288	1397.680000
12288	1547.040000
12288	1651.720000
12288	1573.120000
12288	1541.480000
12288	1540.480000
12288	1533.440000
12288	1528.600000
12288	1388.720000
12288	1462.200000
12288	1434.680000
12288	1461.760000
12288	1854.480000
12288	1602.160000
12288	1518.160000
12288	1857.760000
12288	1533.880000
12288	1545.280000
12288	1708.880000
12288	1856.320000
12288	1516.440000
12288	1514.800000
12288	1507.400000
12288	1401.200000
12288	1520.160000
12288	5572.160000
12288	1493.520000
12288	1676.320000
12288	1446.480000
Starting reads on all files
Waiting till all child processes complete..
Average time is 1619.496875
12288	1459.000000
12288	1389.200000
12288	1390.640000
12288	1392.360000
12288	1433.360000
12288	1431.720000
12288	1871.840000
12288	1445.320000
12288	1447.320000
12288	1432.040000
12288	1833.920000
12288	1414.480000
12288	1528.840000
12288	1612.880000
12288	1823.320000
12288	1475.600000
12288	1712.120000
12288	1585.560000
12288	1809.520000
12288	1662.880000
12288	1505.600000
12288	1586.200000
12288	1512.120000
12288	5607.040000
12288	1567.960000
12288	1548.480000
12288	1485.440000
12288	1548.520000
12288	1570.440000
12288	1711.760000
12288	1665.720000
12288	1404.840000
12288	1422.560000
12288	1467.520000
12288	1538.560000
12288	1602.080000
12288	1639.600000
12288	1432.000000
12288	1444.440000
12288	1515.480000
12288	2773.600000
12288	1568.720000
12288	1420.560000
12288	1639.480000
12288	1547.680000
12288	1517.080000
12288	1848.560000
12288	1528.520000
12288	1909.640000
12288	1407.280000
12288	1525.360000
12288	1559.000000
12288	1439.320000
12288	1533.120000
12288	1821.040000
12288	1831.080000
12288	1560.280000
12288	1430.200000
12288	1598.800000
12288	1445.440000
12288	1539.720000
12288	1404.640000
12288	1443.400000
12288	1580.920000
Starting reads on all files
Waiting till all child processes complete..
Average time is 1637.526875
12288	1586.880000
12288	1432.720000
12288	1467.560000
12288	1416.960000
12288	1455.280000
12288	1503.400000
12288	1522.560000
12288	1417.320000
12288	1420.080000
12288	1404.520000
12288	3212.240000
12288	1827.640000
12288	1501.680000
12288	1486.440000
12288	1864.080000
12288	1630.520000
12288	1454.600000
12288	1609.880000
12288	1451.120000
12288	1837.080000
12288	1551.320000
12288	1639.360000
12288	1662.040000
12288	1587.520000
12288	1561.600000
12288	1538.080000
12288	1582.080000
12288	1460.040000
12288	1609.360000
12288	1426.840000
12288	1525.520000
12288	1505.600000
12288	1648.800000
12288	1661.280000
12288	1563.480000
12288	1480.760000
12288	1672.440000
12288	1617.160000
12288	1531.960000
12288	1533.520000
12288	1502.760000
12288	1840.920000
12288	3019.680000
12288	1510.160000
12288	1503.560000
12288	1531.240000
12288	1499.800000
12288	1516.360000
12288	1512.720000
12288	1849.800000
12288	1992.360000
12288	1563.080000
12288	1515.440000
12288	1586.640000
12288	1516.360000
12288	1489.760000
12288	1587.760000
12288	1514.240000
12288	1507.680000
12288	1697.360000
12288	1518.880000
12288	1520.960000
12288	1513.480000
12288	1534.040000
Starting reads on all files
Waiting till all child processes complete..
Average time is 1612.599375
