12288	1655.560000
12288	1431.800000
12288	1998.320000
12288	1646.360000
12288	1455.640000
12288	1728.400000
12288	1435.960000
12288	1992.440000
12288	1431.640000
12288	1567.560000
12288	1484.840000
12288	1520.280000
12288	2127.320000
12288	1530.040000
12288	1568.200000
12288	1556.680000
Starting reads on all files
Waiting till all child processes complete..
Average time is 1633.190000
12288	1426.440000
12288	1496.840000
12288	1589.160000
12288	1469.360000
12288	1451.440000
12288	1422.760000
12288	1537.840000
12288	1443.520000
12288	1917.080000
12288	1396.160000
12288	1940.520000
12288	1409.760000
12288	5617.280000
12288	1424.240000
12288	1948.560000
12288	1900.960000
Starting reads on all files
Waiting till all child processes complete..
Average time is 1836.995000
12288	1432.520000
12288	1465.560000
12288	1413.400000
12288	1390.840000
12288	1387.920000
12288	1411.400000
12288	1427.040000
12288	1395.960000
12288	1441.760000
12288	1391.280000
12288	1999.400000
12288	1842.920000
12288	1406.360000
12288	1507.760000
12288	1954.400000
12288	1638.920000
Starting reads on all files
Waiting till all child processes complete..
Average time is 1531.715000
12288	1459.040000
12288	1382.200000
12288	1441.240000
12288	1431.800000
12288	1451.080000
12288	1831.400000
12288	1583.440000
12288	1441.600000
12288	1406.960000
12288	1377.400000
12288	1457.880000
12288	1884.760000
12288	1854.080000
12288	1410.320000
12288	5593.880000
12288	1530.760000
Starting reads on all files
Waiting till all child processes complete..
Average time is 1783.615000
12288	1622.760000
12288	1465.480000
12288	1412.320000
12288	1883.880000
12288	1836.760000
12288	1453.840000
12288	1535.200000
12288	1841.960000
12288	1623.160000
12288	1476.120000
12288	1391.040000
12288	13081.680000
12288	1430.960000
12288	1425.120000
12288	1416.600000
12288	1398.240000
Starting reads on all files
Waiting till all child processes complete..
Average time is 2268.445000
12288	5536.240000
12288	1389.080000
12288	1427.520000
12288	1379.120000
12288	1441.440000
12288	1415.560000
12288	1684.120000
12288	1403.640000
12288	1399.080000
12288	1389.160000
12288	1861.920000
12288	5849.200000
12288	1428.600000
12288	1512.320000
12288	1898.800000
12288	5634.840000
Starting reads on all files
Waiting till all child processes complete..
Average time is 2290.665000
12288	1474.120000
12288	1447.200000
12288	1618.080000
12288	1411.440000
12288	1432.600000
12288	1469.760000
12288	1471.960000
12288	1405.080000
12288	1432.800000
12288	1870.240000
12288	1855.840000
12288	5414.080000
12288	1531.840000
12288	1628.240000
12288	1445.920000
12288	1869.960000
Starting reads on all files
Waiting till all child processes complete..
Average time is 1798.697500
12288	1504.640000
12288	1414.120000
12288	1446.640000
12288	1420.200000
12288	1464.720000
12288	1485.760000
12288	1444.120000
12288	1394.320000
12288	1433.440000
12288	1395.920000
12288	1888.440000
12288	1437.160000
12288	1547.640000
12288	1611.880000
12288	1857.760000
12288	1868.920000
Starting reads on all files
Waiting till all child processes complete..
Average time is 1538.480000
12288	1489.040000
12288	1397.480000
12288	1407.960000
12288	1430.320000
12288	1394.120000
12288	1427.040000
12288	1395.240000
12288	1390.520000
12288	1848.360000
12288	1620.040000
12288	1393.040000
12288	1513.640000
12288	1848.080000
12288	1435.960000
12288	1432.200000
12288	1850.800000
Starting reads on all files
Waiting till all child processes complete..
Average time is 1517.115000
12288	1487.240000
12288	1387.840000
12288	5771.640000
12288	16769.280000
12288	1422.120000
12288	1414.240000
12288	1409.480000
12288	1443.280000
12288	1437.320000
12288	1550.800000
12288	1426.200000
12288	1827.640000
12288	1633.680000
12288	2464.240000
12288	1390.960000
12288	1466.000000
Starting reads on all files
Waiting till all child processes complete..
Average time is 2768.872500
12288	1443.840000
12288	1735.280000
12288	1501.960000
12288	1442.320000
12288	1389.640000
12288	1415.600000
12288	1539.560000
12288	1547.160000
12288	1634.800000
12288	1885.240000
12288	1471.720000
12288	1392.640000
12288	1387.080000
12288	1889.080000
12288	1454.880000
12288	1895.160000
Starting reads on all files
Waiting till all child processes complete..
Average time is 1564.122500
12288	1491.920000
12288	1424.840000
12288	1585.000000
12288	1503.200000
12288	1463.000000
12288	1402.160000
12288	1557.000000
12288	1450.000000
12288	1438.840000
12288	1450.920000
12288	1418.080000
12288	1861.600000
12288	1859.400000
12288	1403.400000
12288	1809.760000
12288	1764.040000
Starting reads on all files
Waiting till all child processes complete..
Average time is 1555.197500
12288	1473.800000
12288	1392.040000
12288	1404.720000
12288	1433.680000
12288	1520.840000
12288	1389.600000
12288	1406.560000
12288	1419.200000
12288	1456.720000
12288	1441.520000
12288	1882.120000
12288	1847.720000
12288	1422.240000
12288	1423.960000
12288	1879.840000
12288	1630.080000
Starting reads on all files
Waiting till all child processes complete..
Average time is 1526.540000
12288	1393.480000
12288	1431.560000
12288	1440.440000
12288	1468.880000
12288	1395.920000
12288	1465.240000
12288	1854.760000
12288	1909.760000
12288	1974.040000
12288	1501.040000
12288	55514.920000
12288	1417.640000
12288	1440.840000
12288	1399.280000
12288	1405.880000
12288	1632.960000
Starting reads on all files
Waiting till all child processes complete..
Average time is 4915.415000
12288	1462.200000
12288	1459.120000
12288	1398.560000
12288	1400.240000
12288	1438.840000
12288	1403.320000
12288	1548.200000
12288	1837.640000
12288	1617.240000
12288	1406.120000
12288	1870.680000
12288	53261.760000
12288	1396.960000
12288	1431.480000
12288	1804.120000
12288	1465.880000
Starting reads on all files
Waiting till all child processes complete..
Average time is 4762.647500
12288	1469.280000
12288	1402.480000
12288	1851.960000
12288	11312.040000
12288	1404.000000
12288	1427.480000
12288	1882.560000
12288	1852.040000
12288	1411.280000
12288	1554.600000
12288	1589.280000
12288	1449.960000
12288	1515.200000
12288	1501.440000
12288	1579.560000
12288	1489.800000
Starting reads on all files
Waiting till all child processes complete..
Average time is 2168.310000
12288	1552.360000
12288	5717.920000
12288	2413.960000
12288	1578.720000
12288	1457.600000
12288	1854.040000
12288	1838.520000
12288	1469.280000
12288	1426.960000
12288	1511.000000
12288	1822.760000
12288	1613.200000
12288	2118.920000
12288	1487.760000
12288	1413.480000
12288	1391.080000
Starting reads on all files
Waiting till all child processes complete..
Average time is 1916.722500
12288	1607.360000
12288	1570.320000
12288	1466.040000
12288	1493.200000
12288	1450.200000
12288	1876.800000
12288	1845.240000
12288	1456.760000
12288	1681.840000
12288	1832.840000
12288	1676.800000
12288	1466.520000
12288	1582.880000
12288	1422.080000
12288	1509.840000
12288	1447.560000
Starting reads on all files
Waiting till all child processes complete..
Average time is 1586.642500
12288	1530.400000
12288	1386.440000
12288	1397.680000
12288	1436.000000
12288	1852.120000
12288	1498.000000
12288	1848.720000
12288	1532.040000
12288	1921.160000
12288	1446.560000
12288	1656.240000
12288	1475.800000
12288	1587.760000
12288	1538.520000
12288	1508.840000
12288	1535.920000
Starting reads on all files
Waiting till all child processes complete..
Average time is 1572.012500
12288	1452.640000
12288	1455.960000
12288	1398.080000
12288	1429.440000
12288	1521.800000
12288	1880.800000
12288	1823.000000
12288	1592.200000
12288	1549.200000
12288	1849.160000
12288	1657.600000
12288	1450.760000
12288	5597.120000
12288	1445.040000
12288	1454.680000
12288	1513.960000
Starting reads on all files
Waiting till all child processes complete..
Average time is 1816.965000
