12288	1465.160000
12288	1424.160000
12288	1396.360000
12288	1418.480000
12288	1575.080000
12288	1523.240000
12288	1768.320000
12288	13544.320000
12288	1421.080000
12288	1428.280000
12288	1465.120000
12288	1540.360000
12288	1530.520000
12288	1430.680000
12288	1613.280000
12288	1592.360000
12288	1578.240000
12288	1918.680000
12288	1496.640000
12288	1612.720000
12288	1621.960000
12288	1568.280000
12288	1864.520000
12288	1637.800000
12288	1869.760000
12288	1568.840000
12288	1615.160000
12288	1636.200000
12288	1532.080000
12288	1506.640000
12288	1544.520000
12288	1690.680000
12288	1726.080000
12288	1495.320000
12288	1832.160000
12288	1717.880000
12288	1802.080000
12288	1592.200000
12288	1841.040000
12288	1428.840000
12288	1830.640000
12288	2414.880000
12288	1497.320000
12288	1851.040000
12288	1555.720000
12288	1423.200000
12288	2058.520000
12288	1397.280000
Starting reads on all files
Waiting till all child processes complete..
Average time is 1872.160833
12288	1465.120000
12288	1462.360000
12288	1455.560000
12288	1975.880000
12288	1887.680000
12288	1514.760000
12288	1409.240000
12288	1877.680000
12288	1641.360000
12288	1401.320000
12288	42291.640000
12288	1461.160000
12288	1393.520000
12288	1556.280000
12288	1472.160000
12288	1436.720000
12288	1541.280000
12288	1793.880000
12288	1431.560000
12288	1641.120000
12288	1556.600000
12288	1848.520000
12288	1401.720000
12288	1515.560000
12288	1569.800000
12288	1851.920000
12288	1449.160000
12288	1829.200000
12288	1542.440000
12288	1506.760000
12288	1661.640000
12288	1865.440000
12288	1482.800000
12288	1421.440000
12288	1434.000000
12288	1543.440000
12288	1449.560000
12288	1421.600000
12288	1555.960000
12288	1510.560000
12288	1563.160000
12288	1535.800000
12288	1807.440000
12288	1742.840000
12288	1436.560000
12288	1571.360000
12288	1613.320000
12288	1436.800000
Starting reads on all files
Waiting till all child processes complete..
Average time is 2421.576667
12288	1477.560000
12288	5474.160000
12288	1567.640000
12288	1411.080000
12288	8300.520000
12288	1457.840000
12288	1885.800000
12288	1812.760000
12288	1463.400000
12288	1512.160000
12288	1596.080000
12288	1410.440000
12288	1552.800000
12288	1816.240000
12288	1808.800000
12288	1405.240000
12288	1413.440000
12288	1429.920000
12288	1413.920000
12288	1537.480000
12288	1544.040000
12288	1586.000000
12288	1392.880000
12288	1481.400000
12288	5535.880000
12288	1843.440000
12288	1423.160000
12288	1581.600000
12288	1525.680000
12288	1565.760000
12288	1874.280000
12288	1684.840000
12288	1484.280000
12288	1839.920000
12288	1839.120000
12288	1870.600000
12288	1470.120000
12288	1496.760000
12288	1503.080000
12288	1650.680000
12288	1490.240000
12288	1417.280000
12288	1579.120000
12288	5539.080000
12288	1552.400000
12288	1501.000000
12288	1534.680000
12288	1537.680000
Starting reads on all files
Waiting till all child processes complete..
Average time is 1960.255833
12288	1486.800000
12288	1427.320000
12288	1447.720000
12288	1425.440000
12288	1437.040000
12288	2019.160000
12288	1542.440000
12288	1843.880000
12288	1465.280000
12288	1437.480000
12288	1852.320000
12288	1544.120000
12288	1401.320000
12288	1548.400000
12288	1422.680000
12288	1514.080000
12288	1393.960000
12288	1440.440000
12288	1513.320000
12288	2123.640000
12288	1386.000000
12288	1503.800000
12288	1435.600000
12288	1703.360000
12288	1395.480000
12288	1614.720000
12288	5586.040000
12288	1889.600000
12288	1579.320000
12288	1817.160000
12288	1495.320000
12288	7350.360000
12288	1618.440000
12288	1522.320000
12288	1453.360000
12288	1500.120000
12288	1502.240000
12288	1934.680000
12288	1598.840000
12288	1866.320000
12288	1468.560000
12288	1558.000000
12288	1573.960000
12288	1686.920000
12288	1549.000000
12288	1383.160000
12288	1849.000000
12288	5572.320000
Starting reads on all files
Waiting till all child processes complete..
Average time is 1868.350833
12288	1475.320000
12288	1394.600000
12288	1463.280000
12288	1382.080000
12288	1503.360000
12288	1463.600000
12288	1405.520000
12288	1853.360000
12288	1881.560000
12288	1438.520000
12288	1590.760000
12288	1561.080000
12288	1432.840000
12288	1856.560000
12288	1490.040000
12288	1844.560000
12288	1481.760000
12288	1404.760000
12288	1610.960000
12288	1674.680000
12288	1655.160000
12288	1542.400000
12288	1582.280000
12288	1534.400000
12288	1543.080000
12288	1506.160000
12288	1472.480000
12288	1427.120000
12288	1424.880000
12288	1607.440000
12288	1675.040000
12288	1467.880000
12288	1455.040000
12288	1547.040000
12288	1400.160000
12288	1525.720000
12288	1502.400000
12288	1516.360000
12288	1702.280000
12288	1543.320000
12288	1638.760000
12288	1432.200000
12288	1526.160000
12288	1504.920000
12288	1645.400000
12288	1476.040000
12288	189983.400000
12288	1482.440000
Starting reads on all files
Waiting till all child processes complete..
Average time is 5469.357500
12288	1445.640000
12288	1574.400000
12288	1560.880000
12288	1506.000000
12288	1406.400000
12288	1825.880000
12288	1760.480000
12288	1608.400000
12288	1455.760000
12288	1569.720000
12288	1670.720000
12288	1422.560000
12288	1537.760000
12288	1581.240000
12288	1739.160000
12288	1552.200000
12288	1517.040000
12288	1560.960000
12288	1511.200000
12288	1557.720000
12288	1517.760000
12288	1578.240000
12288	1691.480000
12288	5467.920000
12288	1547.520000
12288	1494.160000
12288	1672.720000
12288	1475.000000
12288	1518.680000
12288	1418.600000
12288	1492.160000
12288	1520.200000
12288	1870.920000
12288	1541.120000
12288	1566.880000
12288	1538.880000
12288	1560.920000
12288	1526.440000
12288	1560.320000
12288	1534.840000
12288	1397.240000
12288	1502.360000
12288	1884.200000
12288	1491.560000
12288	1874.120000
12288	1596.240000
12288	1561.160000
12288	1496.040000
Starting reads on all files
Waiting till all child processes complete..
Average time is 1651.287500
12288	1459.200000
12288	1600.480000
12288	1626.200000
12288	1501.160000
12288	1605.320000
12288	1539.600000
12288	1584.640000
12288	1541.080000
12288	1501.520000
12288	1590.160000
12288	1548.880000
12288	1426.920000
12288	1585.520000
12288	1384.440000
12288	1535.200000
12288	1419.640000
12288	1602.760000
12288	1719.240000
12288	1533.280000
12288	1609.040000
12288	1689.800000
12288	1504.280000
12288	1474.880000
12288	1537.800000
12288	1587.400000
12288	1513.440000
12288	1845.920000
12288	1570.440000
12288	1532.880000
12288	1561.440000
12288	1528.320000
12288	1545.520000
12288	1551.400000
12288	1566.280000
12288	1630.280000
12288	1560.440000
12288	1486.920000
12288	1463.600000
12288	1847.240000
12288	1455.800000
12288	1873.240000
12288	1886.240000
12288	1511.240000
12288	1536.400000
12288	1392.680000
12288	1422.200000
12288	1591.120000
12288	1429.520000
Starting reads on all files
Waiting till all child processes complete..
Average time is 1562.729167
12288	1936.280000
12288	1713.000000
12288	1526.960000
12288	1580.440000
12288	1639.160000
12288	1520.720000
12288	1448.440000
12288	1432.800000
12288	1416.800000
12288	1516.520000
12288	1622.800000
12288	1535.400000
12288	1564.800000
12288	1531.160000
12288	1705.160000
12288	1394.520000
12288	1380.320000
12288	1523.640000
12288	1662.240000
12288	1571.320000
12288	1564.360000
12288	1719.040000
12288	1513.480000
12288	1579.200000
12288	1700.720000
12288	1559.600000
12288	1818.240000
12288	1538.480000
12288	1536.120000
12288	1564.800000
12288	1548.080000
12288	1529.520000
12288	1643.920000
12288	1774.880000
12288	1622.160000
12288	1586.680000
12288	1442.960000
12288	1537.880000
12288	1833.360000
12288	1402.040000
12288	1854.360000
12288	1494.440000
12288	1520.640000
12288	1515.480000
12288	1432.040000
12288	1500.680000
12288	1584.400000
12288	1459.160000
Starting reads on all files
Waiting till all child processes complete..
Average time is 1574.983333
12288	1543.400000
12288	1425.640000
12288	1429.640000
12288	1433.920000
12288	1529.960000
12288	1427.880000
12288	1466.640000
12288	1418.200000
12288	1389.320000
12288	1865.040000
12288	1447.040000
12288	1813.600000
12288	1629.600000
12288	1829.920000
12288	1512.200000
12288	1842.200000
12288	1850.520000
12288	1491.880000
12288	1669.880000
12288	1551.120000
12288	1563.400000
12288	1537.000000
12288	1870.040000
12288	1468.640000
12288	1386.240000
12288	1513.640000
12288	1525.960000
12288	1488.480000
12288	1453.040000
12288	1433.920000
12288	1686.680000
12288	1421.200000
12288	1518.640000
12288	1510.640000
12288	1446.440000
12288	1794.960000
12288	1440.680000
12288	1536.560000
12288	1449.440000
12288	1426.360000
12288	1906.240000
12288	1532.320000
12288	1661.800000
12288	1524.760000
12288	1665.240000
12288	1602.640000
12288	1558.240000
12288	1639.880000
Starting reads on all files
Waiting till all child processes complete..
Average time is 1565.222500
12288	1478.120000
12288	1432.040000
12288	1419.240000
12288	1449.040000
12288	1469.480000
12288	1474.320000
12288	1428.440000
12288	5478.240000
12288	1902.160000
12288	1510.800000
12288	1628.640000
12288	1614.040000
12288	1437.200000
12288	1526.160000
12288	1826.960000
12288	1866.160000
12288	1533.520000
12288	1501.240000
12288	1477.960000
12288	1541.720000
12288	1836.760000
12288	1525.480000
12288	1465.160000
12288	1552.080000
12288	1529.680000
12288	1681.080000
12288	1621.640000
12288	1465.080000
12288	1392.360000
12288	1493.040000
12288	1514.160000
12288	1584.360000
12288	1430.600000
12288	1846.480000
12288	1422.560000
12288	1834.560000
12288	105731.000000
12288	1393.840000
12288	1424.680000
12288	1426.800000
12288	1523.720000
12288	1503.080000
12288	1518.480000
12288	1673.280000
12288	1853.520000
12288	1853.840000
12288	1679.800000
12288	1561.720000
Starting reads on all files
Waiting till all child processes complete..
Average time is 3819.465000
12288	1901.720000
12288	1859.400000
12288	1853.120000
12288	1483.400000
12288	1727.560000
12288	1515.080000
12288	1528.520000
12288	1471.560000
12288	1457.160000
12288	1469.280000
12288	1531.040000
12288	1692.760000
12288	1579.200000
12288	1419.680000
12288	1754.880000
12288	1512.560000
12288	1437.080000
12288	1575.560000
12288	1429.720000
12288	1421.280000
12288	1618.800000
12288	1518.720000
12288	1420.080000
12288	1479.280000
12288	1435.080000
12288	1552.440000
12288	1392.880000
12288	1432.480000
12288	1418.880000
12288	1896.400000
12288	1563.800000
12288	1445.600000
12288	1537.520000
12288	1468.800000
12288	1533.400000
12288	1428.040000
12288	1401.400000
12288	1528.960000
12288	1872.840000
12288	1827.120000
12288	1445.720000
12288	1707.280000
12288	1593.200000
12288	1841.560000
12288	1434.480000
12288	1856.520000
12288	1777.120000
12288	1566.000000
Starting reads on all files
Waiting till all child processes complete..
Average time is 1575.311667
12288	1440.840000
12288	1418.520000
12288	1835.520000
12288	1522.000000
12288	1445.240000
12288	1671.160000
12288	1476.760000
12288	1470.800000
12288	1415.160000
12288	1467.520000
12288	1639.040000
12288	1468.040000
12288	1440.840000
12288	1442.720000
12288	1497.080000
12288	1406.600000
12288	1900.160000
12288	1846.800000
12288	1454.320000
12288	1510.840000
12288	5729.240000
12288	1644.720000
12288	1858.120000
12288	1552.480000
12288	1423.520000
12288	1538.640000
12288	1866.360000
12288	1497.680000
12288	1537.600000
12288	1413.160000
12288	1534.320000
12288	1516.600000
12288	1543.520000
12288	1842.040000
12288	1822.960000
12288	1438.400000
12288	1443.840000
12288	1497.280000
12288	1434.720000
12288	1497.560000
12288	1548.960000
12288	1505.960000
12288	1719.840000
12288	1411.760000
12288	1511.640000
12288	1564.600000
12288	1863.800000
12288	1483.120000
Starting reads on all files
Waiting till all child processes complete..
Average time is 1646.091667
12288	1586.680000
12288	1556.320000
12288	1516.280000
12288	1462.080000
12288	1460.800000
12288	1469.880000
12288	1877.960000
12288	1425.760000
12288	1861.000000
12288	1518.320000
12288	1841.160000
12288	1608.520000
12288	1522.960000
12288	1513.920000
12288	1846.560000
12288	5513.360000
12288	1430.160000
12288	1844.200000
12288	5758.440000
12288	1478.720000
12288	1529.160000
12288	1506.440000
12288	1494.040000
12288	1828.720000
12288	1434.200000
12288	1593.400000
12288	1478.600000
12288	1549.240000
12288	1650.800000
12288	1539.240000
12288	2134.640000
12288	1530.360000
12288	1549.400000
12288	1499.240000
12288	1518.040000
12288	1397.080000
12288	1693.440000
12288	1695.920000
12288	1424.320000
12288	1538.760000
12288	1642.200000
12288	1449.320000
12288	1860.560000
12288	1545.320000
12288	1556.160000
12288	1795.440000
12288	1504.000000
12288	1516.880000
Starting reads on all files
Waiting till all child processes complete..
Average time is 1761.416667
12288	1509.760000
12288	1393.880000
12288	1437.040000
12288	1646.200000
12288	1857.320000
12288	1387.000000
12288	1696.600000
12288	1412.360000
12288	1541.840000
12288	1574.680000
12288	1442.240000
12288	1533.640000
12288	1541.640000
12288	1479.440000
12288	1396.560000
12288	1416.400000
12288	1561.600000
12288	1401.640000
12288	1436.680000
12288	1482.680000
12288	1853.360000
12288	1425.000000
12288	1478.360000
12288	1821.960000
12288	1580.240000
12288	1533.760000
12288	1413.200000
12288	1806.440000
12288	1518.160000
12288	1642.440000
12288	1478.800000
12288	1503.720000
12288	1827.560000
12288	1550.720000
12288	1833.040000
12288	1398.200000
12288	1525.320000
12288	1439.040000
12288	1846.000000
12288	1554.840000
12288	1756.600000
12288	1391.600000
12288	1881.880000
12288	1436.120000
12288	1503.000000
12288	1439.480000
12288	1521.960000
12288	1542.800000
Starting reads on all files
Waiting till all child processes complete..
Average time is 1555.266667
12288	1589.360000
12288	1388.600000
12288	1459.520000
12288	1389.200000
12288	1552.400000
12288	1395.800000
12288	1431.200000
12288	1413.240000
12288	1552.000000
12288	2016.640000
12288	1470.400000
12288	1725.200000
12288	1524.880000
12288	1508.360000
12288	1492.080000
12288	1520.760000
12288	1520.160000
12288	1839.480000
12288	1590.520000
12288	1819.320000
12288	1522.400000
12288	1763.000000
12288	1422.240000
12288	1542.320000
12288	1429.520000
12288	1531.680000
12288	1537.160000
12288	1450.960000
12288	1677.800000
12288	1468.760000
12288	1566.400000
12288	1400.160000
12288	1578.280000
12288	1994.960000
12288	1886.480000
12288	1912.360000
12288	1425.400000
12288	1845.760000
12288	1400.480000
12288	1685.440000
12288	1488.960000
12288	1399.240000
12288	1507.200000
12288	1506.400000
12288	1565.280000
12288	1430.440000
12288	1379.600000
12288	1861.200000
Starting reads on all files
Waiting till all child processes complete..
Average time is 1570.395833
12288	1466.120000
12288	1421.960000
12288	1598.280000
12288	1420.400000
12288	1926.040000
12288	1837.080000
12288	1437.080000
12288	1525.200000
12288	1832.080000
12288	1872.040000
12288	1457.800000
12288	1518.800000
12288	1567.720000
12288	1817.360000
12288	1845.840000
12288	1678.560000
12288	1564.520000
12288	1414.040000
12288	1503.080000
12288	1538.520000
12288	1498.920000
12288	1646.960000
12288	1871.400000
12288	1497.720000
12288	1384.960000
12288	1393.040000
12288	1732.640000
12288	1552.600000
12288	1712.640000
12288	1445.880000
12288	1472.680000
12288	1504.680000
12288	1467.400000
12288	1466.840000
12288	121660.120000
12288	20572.960000
12288	1565.400000
12288	5481.640000
12288	1385.440000
12288	1604.440000
12288	1529.520000
12288	1652.160000
12288	1841.960000
12288	1494.640000
12288	1545.920000
12288	1543.560000
12288	1423.080000
12288	1434.000000
Starting reads on all files
Waiting till all child processes complete..
Average time is 4554.702500
12288	1521.080000
12288	1548.040000
12288	1491.840000
12288	1519.960000
12288	1518.880000
12288	1566.120000
12288	1489.960000
12288	1466.600000
12288	1487.520000
12288	1434.760000
12288	1492.720000
12288	1563.640000
12288	1496.480000
12288	1857.600000
12288	1842.720000
12288	1528.520000
12288	1546.120000
12288	1830.000000
12288	1871.800000
12288	1484.960000
12288	1598.120000
12288	1425.120000
12288	1524.880000
12288	1562.000000
12288	1639.600000
12288	1665.440000
12288	1650.640000
12288	2792.680000
12288	1484.240000
12288	1538.520000
12288	1499.360000
12288	1447.480000
12288	1403.120000
12288	1425.720000
12288	1427.720000
12288	1612.040000
12288	1805.120000
12288	1557.480000
12288	1512.200000
12288	1656.880000
12288	1492.160000
12288	1500.240000
12288	1520.800000
12288	1486.880000
12288	1830.480000
12288	1574.640000
12288	1505.880000
12288	1489.240000
Starting reads on all files
Waiting till all child processes complete..
Average time is 1587.250000
12288	1479.400000
12288	1445.240000
12288	2479.680000
12288	1436.800000
12288	1872.800000
12288	1409.760000
12288	1671.080000
12288	1561.600000
12288	7083.240000
12288	1458.440000
12288	1528.080000
12288	1716.640000
12288	1657.280000
12288	1473.160000
12288	1467.800000
12288	1508.640000
12288	1510.200000
12288	1388.160000
12288	1597.760000
12288	1421.040000
12288	1461.880000
12288	1872.720000
12288	1476.400000
12288	1431.960000
12288	1710.440000
12288	1475.240000
12288	1804.760000
12288	1387.320000
12288	1463.040000
12288	1509.760000
12288	1414.600000
12288	1411.880000
12288	1840.640000
12288	1607.000000
12288	1654.640000
12288	1441.000000
12288	1423.120000
12288	1855.440000
12288	1504.600000
12288	1515.760000
12288	1458.640000
12288	1822.880000
12288	1554.560000
12288	1657.320000
12288	1695.680000
12288	1846.320000
12288	1845.160000
12288	41941.080000
Starting reads on all files
Waiting till all child processes complete..
Average time is 2546.888333
12288	1487.640000
12288	1395.160000
12288	1538.720000
12288	1418.440000
12288	1468.080000
12288	1680.720000
12288	7163.840000
12288	1430.200000
12288	1552.280000
12288	1848.520000
12288	1418.000000
12288	1843.880000
12288	1559.640000
12288	1868.280000
12288	1835.280000
12288	1587.040000
12288	1530.480000
12288	1850.680000
12288	1507.800000
12288	1650.880000
12288	1535.360000
12288	1475.840000
12288	1532.760000
12288	1542.200000
12288	1560.080000
12288	1400.520000
12288	1852.720000
12288	1511.280000
12288	1459.480000
12288	1416.280000
12288	1495.080000
12288	1397.160000
12288	1560.000000
12288	5556.920000
12288	1457.400000
12288	1421.040000
12288	1436.360000
12288	1418.840000
12288	1583.880000
12288	1851.320000
12288	1700.680000
12288	1636.640000
12288	1440.600000
12288	1884.920000
12288	1616.360000
12288	1508.680000
12288	1417.680000
12288	1515.840000
Starting reads on all files
Waiting till all child processes complete..
Average time is 1767.114167
12288	1481.320000
12288	1395.400000
12288	1608.680000
12288	1421.200000
12288	1444.000000
12288	1444.480000
12288	1854.120000
12288	1420.520000
12288	1435.320000
12288	1425.960000
12288	1383.160000
12288	1859.680000
12288	1460.920000
12288	1537.520000
12288	1614.040000
12288	1554.560000
12288	1421.560000
12288	1658.880000
12288	1802.480000
12288	1864.640000
12288	1653.800000
12288	1510.760000
12288	1515.680000
12288	1533.680000
12288	1546.960000
12288	1652.560000
12288	1976.560000
12288	1427.080000
12288	1566.360000
12288	1561.520000
12288	1517.000000
12288	1716.120000
12288	1380.120000
12288	1382.600000
12288	1485.920000
12288	1454.840000
12288	1644.160000
12288	1436.000000
12288	1860.400000
12288	1855.400000
12288	1528.800000
12288	1857.240000
12288	110862.240000
12288	1456.800000
12288	1513.680000
12288	1432.600000
12288	1700.120000
12288	1390.760000
Starting reads on all files
Waiting till all child processes complete..
Average time is 3843.920833
