12288	1463.200000
12288	1462.840000
12288	1983.320000
12288	1911.720000
12288	1466.680000
12288	1908.840000
12288	1604.040000
12288	1617.360000
12288	1858.880000
12288	5458.320000
12288	1612.960000
12288	1586.600000
12288	1481.160000
12288	1592.880000
12288	1773.560000
12288	1542.280000
12288	1845.760000
12288	1602.120000
12288	1584.840000
12288	1478.240000
12288	1412.680000
12288	1416.320000
12288	1399.160000
12288	1622.280000
12288	1652.480000
12288	1542.240000
12288	1566.040000
12288	1453.360000
12288	1751.960000
12288	1932.360000
12288	1852.400000
12288	1483.520000
Starting reads on all files
Waiting till all child processes complete..
Average time is 1747.512500
12288	1488.480000
12288	1427.720000
12288	1458.560000
12288	1852.200000
12288	1399.200000
12288	1735.920000
12288	1501.200000
12288	1452.200000
12288	1542.120000
12288	1377.760000
12288	1468.280000
12288	1446.440000
12288	1555.160000
12288	1878.080000
12288	1453.040000
12288	1820.760000
12288	1678.160000
12288	1842.640000
12288	1417.840000
12288	1583.800000
12288	1692.000000
12288	1521.560000
12288	1555.720000
12288	1615.240000
12288	1718.200000
12288	1423.320000
12288	1571.160000
12288	1513.960000
12288	1643.840000
12288	1529.280000
12288	1566.920000
12288	1738.960000
Starting reads on all files
Waiting till all child processes complete..
Average time is 1577.178750
12288	1515.240000
12288	1463.120000
12288	1461.320000
12288	1445.320000
12288	1568.600000
12288	1459.040000
12288	1441.800000
12288	1652.600000
12288	1554.400000
12288	1817.800000
12288	1513.280000
12288	2154.080000
12288	1509.200000
12288	1508.400000
12288	1531.080000
12288	1549.360000
12288	1564.320000
12288	1431.800000
12288	1607.840000
12288	1477.400000
12288	1441.320000
12288	1559.880000
12288	1454.640000
12288	1678.920000
12288	1485.600000
12288	1512.200000
12288	1514.120000
12288	1863.640000
12288	1887.200000
12288	1390.560000
12288	1401.240000
12288	1796.680000
Starting reads on all files
Waiting till all child processes complete..
Average time is 1569.125000
12288	1458.720000
12288	1418.720000
12288	1505.280000
12288	1478.200000
12288	1528.440000
12288	1568.240000
12288	1869.240000
12288	1856.720000
12288	1509.120000
12288	1466.440000
12288	1568.960000
12288	1821.760000
12288	1391.640000
12288	1417.560000
12288	1531.240000
12288	1604.000000
12288	1880.720000
12288	1849.320000
12288	1562.240000
12288	1719.840000
12288	1532.480000
12288	1621.920000
12288	1437.040000
12288	1439.800000
12288	1499.760000
12288	1523.280000
12288	1547.520000
12288	1633.680000
12288	1502.680000
12288	1536.280000
12288	1515.440000
12288	1419.080000
Starting reads on all files
Waiting till all child processes complete..
Average time is 1569.230000
12288	5515.440000
12288	5622.280000
12288	1519.800000
12288	1433.360000
12288	1423.280000
12288	1398.600000
12288	1387.040000
12288	1484.160000
12288	1884.480000
12288	1564.200000
12288	1619.120000
12288	1405.920000
12288	1428.320000
12288	1440.920000
12288	1810.960000
12288	2024.000000
12288	1873.480000
12288	1550.560000
12288	1454.480000
12288	1512.480000
12288	1870.040000
12288	1428.280000
12288	1531.080000
12288	1680.760000
12288	1980.760000
12288	1842.280000
12288	1559.760000
12288	1554.280000
12288	1573.360000
12288	1780.120000
12288	1523.560000
12288	1422.480000
Starting reads on all files
Waiting till all child processes complete..
Average time is 1846.863750
12288	1487.760000
12288	1421.120000
12288	1419.640000
12288	1419.520000
12288	1450.880000
12288	1429.680000
12288	1396.880000
12288	1428.120000
12288	1864.200000
12288	1836.520000
12288	1429.400000
12288	1820.040000
12288	1444.960000
12288	1539.160000
12288	1864.520000
12288	1424.160000
12288	1528.240000
12288	1818.800000
12288	1866.120000
12288	2005.160000
12288	1698.960000
12288	1476.720000
12288	1637.760000
12288	1500.200000
12288	1526.080000
12288	1521.920000
12288	1503.000000
12288	1440.040000
12288	1399.440000
12288	1510.040000
12288	1573.080000
12288	1617.840000
Starting reads on all files
Waiting till all child processes complete..
Average time is 1571.873750
12288	1470.200000
12288	1503.640000
12288	1508.040000
12288	2733.080000
12288	1459.200000
12288	1456.880000
12288	1430.840000
12288	1396.720000
12288	1421.800000
12288	1401.440000
12288	1857.920000
12288	1866.080000
12288	1503.160000
12288	1476.600000
12288	1810.000000
12288	1623.280000
12288	1690.760000
12288	1593.080000
12288	1521.240000
12288	1508.840000
12288	1574.800000
12288	1604.880000
12288	1615.480000
12288	1629.480000
12288	1707.280000
12288	1521.760000
12288	1567.520000
12288	1518.760000
12288	1471.920000
12288	1402.520000
12288	1458.520000
12288	1458.760000
Starting reads on all files
Waiting till all child processes complete..
Average time is 1586.390000
12288	1487.240000
12288	1395.640000
12288	1553.240000
12288	1458.160000
12288	1422.480000
12288	1556.080000
12288	1450.920000
12288	1396.720000
12288	1388.040000
12288	1865.240000
12288	1538.840000
12288	1536.120000
12288	1838.360000
12288	1447.080000
12288	1508.640000
12288	1556.040000
12288	1791.800000
12288	1856.440000
12288	1823.480000
12288	1712.240000
12288	1497.240000
12288	1560.360000
12288	1459.280000
12288	1504.000000
12288	2093.120000
12288	1527.640000
12288	1535.000000
12288	1623.960000
12288	1391.200000
12288	1406.400000
12288	110688.160000
12288	1864.280000
Starting reads on all files
Waiting till all child processes complete..
Average time is 4991.670000
12288	1538.840000
12288	1444.040000
12288	1469.200000
12288	1920.840000
12288	1390.160000
12288	1487.080000
12288	1573.640000
12288	1467.840000
12288	1411.480000
12288	1441.920000
12288	1509.760000
12288	1875.480000
12288	1399.280000
12288	1553.480000
12288	1449.920000
12288	1543.200000
12288	1604.040000
12288	1882.440000
12288	1574.000000
12288	1526.680000
12288	1541.400000
12288	1501.880000
12288	1667.520000
12288	1517.480000
12288	1441.360000
12288	1866.040000
12288	1835.000000
12288	1692.680000
12288	1953.040000
12288	1894.760000
12288	1571.320000
12288	1545.960000
Starting reads on all files
Waiting till all child processes complete..
Average time is 1596.617500
12288	1778.080000
12288	1477.880000
12288	1866.560000
12288	1503.520000
12288	1440.120000
12288	1411.360000
12288	1414.520000
12288	1445.880000
12288	1455.960000
12288	1394.440000
12288	1623.440000
12288	1845.680000
12288	1550.640000
12288	1847.840000
12288	1832.960000
12288	1670.440000
12288	1577.520000
12288	1531.000000
12288	1603.200000
12288	1532.200000
12288	1539.400000
12288	1542.640000
12288	1870.320000
12288	1508.600000
12288	1436.720000
12288	1501.520000
12288	1471.320000
12288	1514.160000
12288	1420.200000
12288	1576.680000
12288	1825.960000
12288	1880.880000
Starting reads on all files
Waiting till all child processes complete..
Average time is 1590.363750
