128	427.360000
128	501.320000
128	423.040000
128	426.600000
128	428.560000
128	426.800000
128	424.840000
128	426.560000
128	437.800000
128	426.080000
128	501.200000
128	432.480000
128	426.280000
128	597.640000
128	423.040000
128	468.480000
128	420.480000
128	422.600000
128	431.480000
128	611.800000
128	509.840000
128	473.040000
128	541.600000
128	508.360000
128	576.040000
128	622.160000
128	496.000000
128	427.840000
128	521.360000
128	428.560000
128	517.320000
128	519.760000
128	422.200000
128	497.600000
128	500.720000
128	426.440000
128	474.400000
128	568.360000
128	518.040000
128	514.360000
128	521.400000
128	568.800000
128	506.360000
128	517.800000
128	546.520000
128	538.560000
128	524.000000
128	449.880000
128	540.960000
128	452.040000
128	456.120000
128	532.320000
128	548.280000
128	521.080000
128	539.920000
128	536.960000
128	583.360000
128	510.320000
128	517.880000
128	565.840000
128	491.320000
128	666.360000
128	491.160000
128	601.080000
Starting reads on all files
Waiting till all child processes complete..
Average time is 498.074375
128	561.120000
128	484.320000
128	432.440000
128	421.600000
128	425.600000
128	421.920000
128	419.680000
128	434.280000
128	567.600000
128	431.560000
128	420.600000
128	438.480000
128	461.920000
128	435.200000
128	462.000000
128	412.600000
128	426.360000
128	417.960000
128	423.360000
128	423.880000
128	476.440000
128	437.680000
128	529.880000
128	552.200000
128	479.760000
128	422.360000
128	459.440000
128	420.360000
128	434.840000
128	432.960000
128	425.400000
128	484.000000
128	423.240000
128	425.120000
128	426.480000
128	483.400000
128	430.280000
128	494.000000
128	430.440000
128	506.000000
128	421.720000
128	485.320000
128	426.960000
128	428.760000
128	497.440000
128	506.920000
128	425.600000
128	483.040000
128	433.400000
128	429.400000
128	486.440000
128	465.760000
128	519.480000
128	471.760000
128	499.280000
128	497.200000
128	424.000000
128	426.880000
128	422.320000
128	422.480000
128	427.680000
128	426.800000
128	479.680000
128	487.200000
Starting reads on all files
Waiting till all child processes complete..
Average time is 454.566875
128	431.120000
128	422.240000
128	459.160000
128	490.040000
128	466.000000
128	440.600000
128	419.360000
128	458.960000
128	425.080000
128	422.600000
128	419.880000
128	477.480000
128	461.840000
128	434.440000
128	523.200000
128	503.160000
128	557.720000
128	514.440000
128	510.320000
128	422.920000
128	426.400000
128	483.120000
128	427.480000
128	568.360000
128	477.160000
128	514.320000
128	424.120000
128	552.800000
128	422.080000
128	462.600000
128	428.280000
128	430.280000
128	490.760000
128	421.120000
128	500.240000
128	439.360000
128	421.240000
128	432.760000
128	416.960000
128	501.960000
128	429.480000
128	471.680000
128	430.560000
128	423.160000
128	426.000000
128	421.520000
128	418.680000
128	511.280000
128	418.680000
128	484.600000
128	501.280000
128	497.760000
128	431.000000
128	431.800000
128	489.680000
128	423.400000
128	513.840000
128	543.640000
128	484.880000
128	478.640000
128	471.760000
128	425.920000
128	434.440000
128	421.720000
Starting reads on all files
Waiting till all child processes complete..
Average time is 460.740000
128	449.480000
128	424.520000
128	441.640000
128	501.920000
128	448.360000
128	426.200000
128	490.760000
128	467.760000
128	424.200000
128	504.760000
128	433.640000
128	427.040000
128	473.400000
128	556.000000
128	485.440000
128	502.640000
128	543.240000
128	514.240000
128	447.520000
128	421.720000
128	425.240000
128	422.920000
128	424.240000
128	425.200000
128	512.960000
128	514.120000
128	513.000000
128	519.400000
128	513.920000
128	520.040000
128	537.440000
128	504.960000
128	510.720000
128	513.880000
128	525.960000
128	516.800000
128	469.080000
128	517.680000
128	493.440000
128	425.320000
128	507.960000
128	423.520000
128	463.480000
128	458.760000
128	577.320000
128	427.960000
128	446.240000
128	484.800000
128	423.600000
128	421.600000
128	504.080000
128	518.360000
128	506.080000
128	503.560000
128	423.840000
128	424.640000
128	419.240000
128	429.720000
128	497.960000
128	427.960000
128	506.200000
128	423.920000
128	523.680000
128	516.480000
Starting reads on all files
Waiting till all child processes complete..
Average time is 475.808750
128	434.520000
128	425.480000
128	564.440000
128	427.600000
128	493.880000
128	561.720000
128	427.920000
128	506.760000
128	511.960000
128	521.280000
128	488.880000
128	422.640000
128	414.640000
128	514.560000
128	5025.280000
128	500.040000
128	487.920000
128	425.040000
128	489.280000
128	511.480000
128	512.840000
128	553.520000
128	504.040000
128	428.880000
128	491.480000
128	513.440000
128	468.080000
128	503.720000
128	426.240000
128	442.000000
128	480.880000
128	427.560000
128	431.440000
128	446.400000
128	424.200000
128	461.520000
128	470.360000
128	422.240000
128	481.000000
128	461.360000
128	468.280000
128	488.440000
128	443.120000
128	464.920000
128	480.520000
128	487.520000
128	429.240000
128	419.800000
128	463.160000
128	458.360000
128	502.320000
128	465.200000
128	492.720000
128	420.040000
128	425.280000
128	499.240000
128	419.120000
128	426.760000
128	455.920000
128	424.800000
128	484.240000
128	427.920000
128	503.680000
128	416.040000
Starting reads on all files
Waiting till all child processes complete..
Average time is 538.643125
128	444.560000
128	430.920000
128	426.000000
128	421.480000
128	436.120000
128	427.520000
128	510.160000
128	540.920000
128	504.200000
128	514.320000
128	427.560000
128	530.280000
128	508.760000
128	496.200000
128	514.160000
128	481.720000
128	519.080000
128	502.000000
128	517.800000
128	508.040000
128	519.400000
128	507.200000
128	537.840000
128	556.840000
128	502.880000
128	424.800000
128	511.840000
128	421.680000
128	519.200000
128	605.360000
128	502.040000
128	428.000000
128	430.920000
128	457.600000
128	481.920000
128	426.120000
128	422.480000
128	425.040000
128	422.040000
128	507.760000
128	500.200000
128	502.240000
128	454.600000
128	457.360000
128	420.960000
128	436.160000
128	424.560000
128	426.200000
128	430.040000
128	421.720000
128	498.600000
128	423.600000
128	464.200000
128	477.240000
128	422.200000
128	433.280000
128	463.800000
128	499.880000
128	420.680000
128	431.280000
128	417.600000
128	467.400000
128	500.680000
128	521.640000
Starting reads on all files
Waiting till all child processes complete..
Average time is 471.701250
128	510.840000
128	510.960000
128	511.520000
128	514.920000
128	510.560000
128	501.080000
128	524.360000
128	569.520000
128	510.720000
128	517.760000
128	494.320000
128	520.480000
128	534.120000
128	512.360000
128	421.480000
128	515.040000
128	503.680000
128	515.040000
128	544.800000
128	491.320000
128	515.920000
128	540.240000
128	531.560000
128	501.320000
128	500.000000
128	518.200000
128	516.680000
128	571.200000
128	512.640000
128	504.960000
128	427.160000
128	491.920000
128	530.520000
128	423.200000
128	434.400000
128	421.320000
128	475.480000
128	437.440000
128	495.960000
128	496.400000
128	484.800000
128	423.880000
128	506.960000
128	514.720000
128	514.120000
128	500.080000
128	515.600000
128	516.240000
128	509.320000
128	511.160000
128	517.280000
128	568.640000
128	510.600000
128	516.520000
128	510.040000
128	506.200000
128	523.280000
128	472.480000
128	587.640000
128	518.280000
128	522.040000
128	511.080000
128	514.320000
128	515.600000
Starting reads on all files
Waiting till all child processes complete..
Average time is 505.816875
128	700.680000
128	425.840000
128	421.320000
128	424.480000
128	445.160000
128	419.840000
128	427.920000
128	428.640000
128	497.120000
128	498.120000
128	424.040000
128	495.920000
128	420.880000
128	423.680000
128	423.720000
128	419.280000
128	503.800000
128	502.480000
128	429.520000
128	454.280000
128	430.600000
128	468.840000
128	424.080000
128	464.640000
128	427.080000
128	514.960000
128	433.160000
128	430.800000
128	424.280000
128	425.400000
128	459.480000
128	425.400000
128	426.800000
128	432.200000
128	490.040000
128	430.720000
128	474.880000
128	476.320000
128	513.400000
128	536.560000
128	517.000000
128	422.800000
128	510.040000
128	499.040000
128	484.480000
128	427.680000
128	505.200000
128	514.440000
128	511.160000
128	513.640000
128	511.280000
128	521.920000
128	488.040000
128	426.480000
128	490.000000
128	958.040000
128	584.680000
128	508.880000
128	514.000000
128	513.240000
128	513.320000
128	545.120000
128	510.480000
128	427.000000
Starting reads on all files
Waiting till all child processes complete..
Average time is 479.911250
128	495.640000
128	451.040000
128	438.920000
128	429.560000
128	502.400000
128	513.040000
128	548.160000
128	506.160000
128	438.880000
128	457.240000
128	505.600000
128	566.520000
128	500.960000
128	567.560000
128	423.520000
128	519.880000
128	511.680000
128	430.440000
128	619.360000
128	506.120000
128	517.920000
128	510.200000
128	514.840000
128	515.760000
128	486.800000
128	500.840000
128	423.880000
128	422.280000
128	461.400000
128	512.480000
128	431.280000
128	427.600000
128	431.280000
128	489.560000
128	431.880000
128	517.800000
128	526.520000
128	648.720000
128	507.480000
128	513.560000
128	515.360000
128	490.200000
128	502.280000
128	512.080000
128	516.480000
128	518.320000
128	523.360000
128	516.400000
128	515.560000
128	520.760000
128	512.000000
128	511.960000
128	520.280000
128	574.400000
128	516.840000
128	519.760000
128	518.200000
128	516.280000
128	432.360000
128	507.720000
128	520.000000
128	514.480000
128	542.080000
128	505.320000
Starting reads on all files
Waiting till all child processes complete..
Average time is 501.050625
128	421.200000
128	485.200000
128	420.880000
128	530.560000
128	483.680000
128	421.120000
128	420.640000
128	499.920000
128	550.200000
128	426.240000
128	439.640000
128	482.720000
128	429.760000
128	423.440000
128	427.240000
128	426.320000
128	428.160000
128	489.960000
128	429.280000
128	462.280000
128	433.800000
128	432.280000
128	419.320000
128	429.480000
128	437.840000
128	529.680000
128	422.480000
128	433.640000
128	518.080000
128	431.440000
128	457.120000
128	423.520000
128	430.800000
128	424.640000
128	426.440000
128	472.440000
128	434.320000
128	427.440000
128	488.360000
128	485.680000
128	459.120000
128	424.680000
128	470.520000
128	421.520000
128	425.160000
128	427.440000
128	421.240000
128	425.200000
128	475.600000
128	472.640000
128	424.560000
128	422.080000
128	465.120000
128	421.040000
128	419.400000
128	563.000000
128	510.720000
128	524.840000
128	507.240000
128	508.080000
128	506.120000
128	429.280000
128	437.920000
128	504.160000
Starting reads on all files
Waiting till all child processes complete..
Average time is 455.061250
