128	430.080000
128	424.240000
128	426.200000
128	421.400000
128	425.520000
128	422.480000
128	438.920000
128	424.720000
128	422.360000
128	425.320000
128	423.120000
128	428.920000
128	426.560000
128	438.760000
128	425.720000
128	428.760000
128	427.960000
128	432.040000
128	428.440000
128	540.080000
128	426.400000
128	457.120000
128	454.640000
128	461.200000
128	452.000000
128	547.000000
128	521.640000
128	529.120000
128	534.200000
128	512.680000
128	551.640000
128	543.960000
128	426.920000
128	483.320000
128	449.640000
128	465.560000
128	424.080000
128	423.040000
128	489.560000
128	467.000000
128	535.680000
128	505.360000
128	509.080000
128	534.480000
128	437.520000
128	475.280000
128	491.760000
128	522.320000
Starting reads on all files
Waiting till all child processes complete..
Average time is 464.454167
128	439.640000
128	417.640000
128	429.920000
128	429.640000
128	423.720000
128	428.520000
128	425.800000
128	428.480000
128	467.120000
128	431.680000
128	430.800000
128	483.320000
128	423.480000
128	473.320000
128	426.120000
128	491.520000
128	463.560000
128	420.480000
128	478.800000
128	422.920000
128	435.640000
128	421.040000
128	422.280000
128	434.880000
128	425.920000
128	536.400000
128	423.800000
128	427.120000
128	493.760000
128	436.880000
128	429.600000
128	426.360000
128	423.800000
128	500.320000
128	500.360000
128	426.640000
128	424.280000
128	423.360000
128	422.320000
128	462.440000
128	483.320000
128	506.160000
128	513.720000
128	426.120000
128	425.520000
128	547.160000
128	438.360000
128	465.800000
Starting reads on all files
Waiting till all child processes complete..
Average time is 448.746667
128	426.320000
128	423.960000
128	431.920000
128	427.760000
128	427.160000
128	430.000000
128	420.960000
128	440.440000
128	427.040000
128	434.680000
128	426.360000
128	427.760000
128	424.200000
128	433.360000
128	452.200000
128	508.200000
128	420.320000
128	427.240000
128	420.480000
128	426.480000
128	474.200000
128	462.800000
128	427.880000
128	614.760000
128	465.480000
128	426.960000
128	465.320000
128	433.080000
128	474.400000
128	474.280000
128	435.360000
128	424.480000
128	461.240000
128	444.760000
128	425.480000
128	429.000000
128	490.040000
128	477.440000
128	423.160000
128	425.440000
128	421.680000
128	422.520000
128	540.960000
128	757.240000
128	429.640000
128	427.080000
128	461.960000
128	421.360000
Starting reads on all files
Waiting till all child processes complete..
Average time is 451.975833
128	434.160000
128	443.120000
128	421.720000
128	500.640000
128	463.280000
128	423.000000
128	477.520000
128	423.840000
128	428.520000
128	431.240000
128	436.320000
128	460.880000
128	485.920000
128	487.520000
128	421.000000
128	427.560000
128	431.040000
128	469.440000
128	424.360000
128	420.040000
128	425.880000
128	421.200000
128	422.560000
128	440.480000
128	425.000000
128	423.720000
128	421.480000
128	483.320000
128	441.040000
128	422.960000
128	498.320000
128	433.120000
128	421.040000
128	429.080000
128	424.640000
128	424.920000
128	424.360000
128	423.520000
128	476.560000
128	425.240000
128	419.600000
128	420.120000
128	422.000000
128	461.440000
128	424.360000
128	493.800000
128	432.960000
128	472.000000
Starting reads on all files
Waiting till all child processes complete..
Average time is 440.955000
128	431.680000
128	425.200000
128	426.760000
128	423.680000
128	417.760000
128	426.400000
128	435.720000
128	464.680000
128	432.160000
128	500.600000
128	467.400000
128	420.120000
128	478.920000
128	422.720000
128	434.800000
128	420.880000
128	502.400000
128	435.520000
128	429.480000
128	422.320000
128	422.800000
128	419.360000
128	425.000000
128	464.320000
128	459.120000
128	427.080000
128	424.120000
128	435.520000
128	421.520000
128	434.960000
128	424.960000
128	462.760000
128	426.440000
128	470.560000
128	418.960000
128	431.000000
128	464.080000
128	475.560000
128	427.480000
128	422.480000
128	433.560000
128	428.920000
128	419.760000
128	466.160000
128	426.960000
128	500.840000
128	431.000000
128	424.640000
Starting reads on all files
Waiting till all child processes complete..
Average time is 439.773333
128	427.560000
128	425.720000
128	421.480000
128	421.560000
128	500.000000
128	423.240000
128	422.880000
128	429.800000
128	433.280000
128	418.280000
128	527.440000
128	494.440000
128	434.520000
128	425.400000
128	465.120000
128	430.000000
128	520.400000
128	420.920000
128	476.320000
128	424.800000
128	471.680000
128	421.360000
128	502.360000
128	424.640000
128	434.280000
128	420.360000
128	463.520000
128	431.600000
128	432.040000
128	452.840000
128	470.640000
128	456.120000
128	425.760000
128	424.600000
128	419.880000
128	434.200000
128	484.600000
128	484.960000
128	439.720000
128	432.560000
128	429.080000
128	427.040000
128	428.440000
128	431.160000
128	426.880000
128	423.400000
128	421.480000
128	420.080000
Starting reads on all files
Waiting till all child processes complete..
Average time is 443.300833
128	429.520000
128	425.800000
128	422.640000
128	427.280000
128	427.640000
128	428.200000
128	431.720000
128	425.720000
128	423.600000
128	461.640000
128	420.200000
128	459.880000
128	472.800000
128	471.800000
128	465.520000
128	424.640000
128	433.280000
128	425.920000
128	427.000000
128	423.880000
128	426.760000
128	424.280000
128	426.360000
128	464.520000
128	433.040000
128	507.600000
128	463.800000
128	430.600000
128	479.480000
128	506.200000
128	435.200000
128	427.840000
128	432.400000
128	465.240000
128	543.360000
128	426.800000
128	433.240000
128	432.640000
128	435.000000
128	429.160000
128	428.720000
128	424.200000
128	423.240000
128	429.240000
128	419.440000
128	465.640000
128	463.360000
128	421.640000
Starting reads on all files
Waiting till all child processes complete..
Average time is 442.243333
128	428.720000
128	427.760000
128	420.640000
128	420.320000
128	420.320000
128	562.040000
128	426.360000
128	525.400000
128	425.960000
128	422.640000
128	510.520000
128	578.160000
128	570.640000
128	511.480000
128	427.320000
128	433.720000
128	469.840000
128	432.720000
128	500.920000
128	421.840000
128	423.720000
128	423.920000
128	420.560000
128	427.560000
128	421.880000
128	435.720000
128	419.080000
128	491.800000
128	425.600000
128	436.080000
128	422.640000
128	431.600000
128	421.760000
128	459.040000
128	419.240000
128	458.880000
128	424.240000
128	433.200000
128	458.840000
128	419.200000
128	421.680000
128	513.560000
128	425.720000
128	429.120000
128	424.640000
128	425.680000
128	430.960000
128	424.720000
Starting reads on all files
Waiting till all child processes complete..
Average time is 448.082500
128	503.080000
128	491.560000
128	526.000000
128	514.160000
128	514.320000
128	533.960000
128	486.040000
128	512.560000
128	427.200000
128	520.360000
128	506.560000
128	520.880000
128	515.000000
128	429.520000
128	420.480000
128	521.680000
128	580.640000
128	519.520000
128	520.040000
128	568.880000
128	428.000000
128	422.840000
128	434.560000
128	433.360000
128	419.000000
128	430.200000
128	437.440000
128	427.840000
128	418.920000
128	493.600000
128	495.960000
128	426.480000
128	426.080000
128	422.520000
128	418.440000
128	418.320000
128	432.400000
128	489.560000
128	506.760000
128	434.920000
128	424.160000
128	428.440000
128	421.520000
128	417.840000
128	419.400000
128	458.480000
128	421.440000
128	417.520000
Starting reads on all files
Waiting till all child processes complete..
Average time is 465.800833
128	489.680000
128	484.200000
128	420.280000
128	424.720000
128	550.880000
128	421.400000
128	426.920000
128	484.280000
128	478.400000
128	427.200000
128	422.800000
128	429.520000
128	435.080000
128	421.360000
128	424.120000
128	509.120000
128	460.760000
128	426.120000
128	421.760000
128	424.400000
128	435.520000
128	422.120000
128	477.440000
128	465.400000
128	459.240000
128	462.000000
128	476.240000
128	777.800000
128	431.680000
128	480.520000
128	434.040000
128	422.520000
128	501.640000
128	422.800000
128	477.840000
128	494.960000
128	525.520000
128	434.320000
128	419.360000
128	510.240000
128	512.000000
128	426.560000
128	585.320000
128	421.440000
128	513.440000
128	423.880000
128	420.000000
128	425.520000
Starting reads on all files
Waiting till all child processes complete..
Average time is 463.382500
