128	434.880000
128	423.840000
128	516.560000
128	523.000000
128	514.240000
128	519.160000
128	427.040000
128	423.920000
128	425.400000
128	479.200000
128	438.200000
128	467.440000
128	421.080000
128	421.760000
128	461.440000
128	439.640000
128	425.760000
128	425.680000
128	422.240000
128	426.040000
128	551.800000
128	420.480000
128	426.480000
128	419.480000
128	423.200000
128	431.800000
128	426.200000
128	508.600000
128	429.520000
128	511.480000
128	430.800000
128	437.200000
Starting reads on all files
Waiting till all child processes complete..
Average time is 451.673750
128	424.800000
128	426.960000
128	441.480000
128	434.640000
128	425.760000
128	574.680000
128	420.920000
128	420.880000
128	426.000000
128	417.320000
128	427.200000
128	420.680000
128	418.120000
128	430.800000
128	500.840000
128	462.000000
128	476.920000
128	425.160000
128	431.320000
128	435.680000
128	572.200000
128	435.760000
128	474.480000
128	492.600000
128	428.720000
128	423.200000
128	421.200000
128	422.480000
128	462.480000
128	439.160000
128	424.200000
128	476.000000
Starting reads on all files
Waiting till all child processes complete..
Average time is 447.332500
128	425.040000
128	426.160000
128	427.560000
128	475.160000
128	540.160000
128	424.240000
128	423.120000
128	424.720000
128	425.160000
128	432.600000
128	422.560000
128	425.360000
128	420.160000
128	423.280000
128	434.880000
128	423.640000
128	420.920000
128	428.520000
128	439.000000
128	421.520000
128	419.240000
128	485.480000
128	468.480000
128	425.800000
128	423.520000
128	443.880000
128	487.160000
128	464.720000
128	426.760000
128	420.320000
128	426.000000
128	501.280000
Starting reads on all files
Waiting till all child processes complete..
Average time is 439.887500
128	462.200000
128	421.560000
128	422.880000
128	463.800000
128	486.880000
128	498.080000
128	420.680000
128	421.320000
128	424.120000
128	433.760000
128	427.720000
128	423.040000
128	425.000000
128	427.960000
128	428.160000
128	421.560000
128	423.320000
128	427.200000
128	425.920000
128	436.280000
128	420.400000
128	423.960000
128	424.160000
128	424.440000
128	476.760000
128	517.880000
128	565.640000
128	516.440000
128	517.200000
128	532.840000
128	498.640000
128	534.560000
Starting reads on all files
Waiting till all child processes complete..
Average time is 455.448750
128	503.920000
128	536.720000
128	426.720000
128	420.560000
128	422.240000
128	415.720000
128	429.520000
128	540.400000
128	424.040000
128	420.920000
128	420.960000
128	572.360000
128	429.080000
128	448.920000
128	437.040000
128	416.160000
128	444.680000
128	564.840000
128	433.680000
128	581.160000
128	464.960000
128	426.080000
128	420.160000
128	499.200000
128	419.600000
128	420.880000
128	544.400000
128	421.400000
128	431.040000
128	422.680000
128	424.800000
128	422.560000
Starting reads on all files
Waiting till all child processes complete..
Average time is 456.481250
128	436.680000
128	423.200000
128	432.080000
128	428.400000
128	424.760000
128	418.280000
128	504.480000
128	425.360000
128	416.360000
128	421.000000
128	420.160000
128	420.640000
128	419.200000
128	426.920000
128	419.120000
128	433.640000
128	419.720000
128	426.960000
128	434.720000
128	436.520000
128	425.000000
128	423.920000
128	429.440000
128	464.160000
128	513.200000
128	482.320000
128	426.280000
128	459.480000
128	425.360000
128	419.080000
128	463.640000
128	441.840000
Starting reads on all files
Waiting till all child processes complete..
Average time is 436.310000
128	427.800000
128	424.200000
128	420.240000
128	422.120000
128	436.920000
128	427.000000
128	427.240000
128	460.680000
128	426.400000
128	470.280000
128	432.840000
128	432.160000
128	472.000000
128	431.520000
128	484.400000
128	421.880000
128	425.520000
128	447.600000
128	425.560000
128	422.960000
128	421.280000
128	485.400000
128	513.520000
128	424.600000
128	423.600000
128	417.600000
128	421.240000
128	424.720000
128	423.680000
128	424.960000
128	424.600000
128	421.680000
Starting reads on all files
Waiting till all child processes complete..
Average time is 436.443750
128	425.000000
128	414.280000
128	421.320000
128	424.440000
128	423.560000
128	424.920000
128	652.400000
128	449.800000
128	423.000000
128	440.360000
128	417.560000
128	469.520000
128	517.000000
128	424.040000
128	420.480000
128	430.360000
128	422.160000
128	425.040000
128	635.520000
128	427.600000
128	422.040000
128	440.960000
128	462.840000
128	470.920000
128	459.920000
128	490.240000
128	429.720000
128	427.080000
128	425.120000
128	437.560000
128	425.640000
128	426.160000
Starting reads on all files
Waiting till all child processes complete..
Average time is 450.205000
128	433.640000
128	425.640000
128	424.400000
128	501.640000
128	428.200000
128	472.880000
128	423.160000
128	431.520000
128	425.200000
128	429.480000
128	422.200000
128	422.720000
128	425.360000
128	423.920000
128	426.760000
128	486.880000
128	467.320000
128	431.920000
128	433.760000
128	463.120000
128	444.160000
128	422.280000
128	423.240000
128	431.480000
128	425.880000
128	466.360000
128	425.320000
128	426.560000
128	421.880000
128	424.080000
128	430.840000
128	468.040000
Starting reads on all files
Waiting till all child processes complete..
Average time is 437.807500
128	425.840000
128	421.400000
128	434.360000
128	435.680000
128	425.640000
128	477.320000
128	426.920000
128	422.600000
128	437.240000
128	424.160000
128	419.800000
128	426.200000
128	420.280000
128	420.200000
128	423.080000
128	496.920000
128	421.360000
128	433.520000
128	466.640000
128	422.240000
128	472.520000
128	420.040000
128	419.520000
128	422.320000
128	428.120000
128	426.080000
128	421.640000
128	419.480000
128	422.960000
128	420.640000
128	430.520000
128	434.760000
Starting reads on all files
Waiting till all child processes complete..
Average time is 431.875000
128	425.800000
128	430.560000
128	426.840000
128	476.400000
128	427.760000
128	434.520000
128	476.520000
128	502.360000
128	483.600000
128	476.560000
128	426.640000
128	422.880000
128	423.400000
128	422.280000
128	424.480000
128	421.560000
128	431.400000
128	422.640000
128	437.400000
128	425.520000
128	428.760000
128	425.040000
128	433.520000
128	437.040000
128	429.440000
128	424.760000
128	427.440000
128	424.640000
128	427.480000
128	467.280000
128	430.800000
128	422.640000
Starting reads on all files
Waiting till all child processes complete..
Average time is 437.436250
128	449.120000
128	418.880000
128	488.480000
128	521.960000
128	431.000000
128	464.480000
128	519.920000
128	425.960000
128	495.560000
128	421.720000
128	471.920000
128	423.600000
128	439.280000
128	463.200000
128	474.360000
128	587.880000
128	423.120000
128	419.040000
128	421.480000
128	440.440000
128	685.280000
128	421.920000
128	433.040000
128	423.360000
128	437.920000
128	422.240000
128	426.520000
128	707.520000
128	427.120000
128	424.200000
128	434.520000
128	421.600000
Starting reads on all files
Waiting till all child processes complete..
Average time is 464.582500
