16384	2709.880000
16384	2628.520000
16384	2673.760000
16384	2513.520000
16384	2562.760000
16384	2604.360000
16384	2509.080000
16384	2709.840000
16384	2682.120000
16384	2654.400000
16384	2551.560000
16384	2676.760000
16384	2544.080000
16384	2850.400000
16384	2609.440000
16384	3012.240000
Starting reads on all files
Waiting till all child processes complete..
Average time is 2655.795000
16384	2644.000000
16384	2505.440000
16384	2565.520000
16384	2541.600000
16384	2506.640000
16384	2509.040000
16384	2561.160000
16384	2518.520000
16384	2548.640000
16384	2571.080000
16384	2812.640000
16384	2581.400000
16384	2762.000000
16384	2551.360000
16384	2561.080000
16384	2887.600000
Starting reads on all files
Waiting till all child processes complete..
Average time is 2601.732500
16384	2613.680000
16384	2462.480000
16384	2496.280000
16384	2525.960000
16384	2609.800000
16384	2738.880000
16384	2558.800000
16384	2485.680000
16384	2543.000000
16384	2602.440000
16384	2652.960000
16384	2707.360000
16384	2554.640000
16384	3011.280000
16384	2494.240000
16384	2493.160000
Starting reads on all files
Waiting till all child processes complete..
Average time is 2596.915000
16384	2640.520000
16384	2498.080000
16384	2548.920000
16384	2650.720000
16384	2656.440000
16384	2461.680000
16384	2721.320000
16384	2539.600000
16384	2526.280000
16384	2584.640000
16384	2523.840000
16384	2913.000000
16384	2536.240000
16384	2495.880000
16384	2457.320000
16384	2516.960000
Starting reads on all files
Waiting till all child processes complete..
Average time is 2579.465000
16384	2692.320000
16384	2609.920000
16384	2643.640000
16384	2561.840000
16384	2638.160000
16384	2535.760000
16384	2607.920000
16384	2530.680000
16384	2714.760000
16384	2490.960000
16384	2466.120000
16384	3024.400000
16384	2744.040000
16384	2573.880000
16384	2731.280000
16384	2540.960000
Starting reads on all files
Waiting till all child processes complete..
Average time is 2631.665000
16384	2695.400000
16384	2571.280000
16384	2842.880000
16384	2604.880000
16384	2640.200000
16384	2540.880000
16384	2881.440000
16384	2566.120000
16384	2986.120000
16384	2696.320000
16384	2720.840000
16384	2572.280000
16384	2549.600000
16384	2525.000000
16384	2561.040000
16384	2692.000000
Starting reads on all files
Waiting till all child processes complete..
Average time is 2665.392500
16384	2660.440000
16384	2540.480000
16384	2574.840000
16384	2636.960000
16384	2575.960000
16384	2528.320000
16384	2531.520000
16384	2568.360000
16384	2570.240000
16384	2558.080000
16384	2625.800000
16384	2535.200000
16384	2802.080000
16384	2983.400000
16384	2517.360000
16384	2707.400000
Starting reads on all files
Waiting till all child processes complete..
Average time is 2619.777500
16384	2686.040000
16384	2522.400000
16384	9456.960000
16384	2508.800000
16384	2614.640000
16384	2565.880000
16384	2606.360000
16384	2592.680000
16384	2533.520000
16384	2627.960000
16384	2669.080000
16384	2993.480000
16384	2558.520000
16384	2677.600000
16384	2971.440000
16384	2506.000000
Starting reads on all files
Waiting till all child processes complete..
Average time is 3068.210000
16384	2661.400000
16384	2558.600000
16384	2495.000000
16384	2493.640000
16384	2534.920000
16384	2452.000000
16384	2561.920000
16384	2576.000000
16384	2663.720000
16384	2467.760000
16384	2800.920000
16384	2575.360000
16384	2615.760000
16384	2950.480000
16384	2571.160000
16384	2510.520000
Starting reads on all files
Waiting till all child processes complete..
Average time is 2593.072500
16384	2628.720000
16384	2533.360000
16384	2548.840000
16384	2535.640000
16384	2491.960000
16384	2526.200000
16384	2541.640000
16384	2586.280000
16384	2587.160000
16384	2748.360000
16384	2520.520000
16384	2687.000000
16384	3014.880000
16384	2648.880000
16384	2632.960000
16384	2758.600000
Starting reads on all files
Waiting till all child processes complete..
Average time is 2624.437500
