16384	2653.400000
16384	2481.720000
16384	2640.400000
16384	2677.120000
16384	2662.320000
16384	2536.960000
16384	2749.000000
16384	2581.400000
16384	2781.840000
16384	2699.080000
16384	2550.360000
16384	2602.960000
16384	2501.560000
16384	3025.880000
16384	2646.200000
16384	2542.600000
16384	2574.680000
16384	2901.080000
16384	2666.680000
16384	2751.520000
16384	2986.440000
16384	2753.960000
16384	2687.000000
16384	2763.640000
16384	2871.720000
16384	3087.960000
16384	2610.240000
16384	2687.600000
16384	2623.160000
16384	2731.400000
16384	2740.720000
16384	2558.840000
Starting reads on all files
Waiting till all child processes complete..
Average time is 2697.795000
16384	2617.240000
16384	2620.880000
16384	2488.640000
16384	2506.480000
16384	2503.040000
16384	2496.160000
16384	3352.320000
16384	2528.800000
16384	2545.480000
16384	2508.160000
16384	2537.520000
16384	2489.560000
16384	2696.480000
16384	2463.680000
16384	2691.120000
16384	2651.440000
16384	2617.520000
16384	2797.960000
16384	3110.480000
16384	2694.640000
16384	2682.360000
16384	2558.080000
16384	2956.920000
16384	2658.400000
16384	2634.800000
16384	2712.520000
16384	2761.360000
16384	2611.240000
16384	2899.800000
16384	2686.160000
16384	2634.160000
16384	2611.960000
Starting reads on all files
Waiting till all child processes complete..
Average time is 2666.417500
16384	2720.560000
16384	2469.120000
16384	2425.000000
16384	2562.120000
16384	2770.760000
16384	2572.280000
16384	2646.760000
16384	2666.280000
16384	2497.200000
16384	2685.120000
16384	2722.600000
16384	2629.640000
16384	2605.280000
16384	2557.400000
16384	2532.840000
16384	2513.720000
16384	2846.320000
16384	2601.200000
16384	2693.640000
16384	2855.400000
16384	2715.080000
16384	2719.280000
16384	2642.680000
16384	2585.440000
16384	2455.920000
16384	2931.480000
16384	2575.680000
16384	2987.240000
16384	2598.960000
16384	2566.160000
16384	30013.560000
16384	2723.920000
Starting reads on all files
Waiting till all child processes complete..
Average time is 3502.770000
16384	2670.480000
16384	2491.480000
16384	2586.000000
16384	2555.720000
16384	2544.440000
16384	2757.040000
16384	2563.920000
16384	2642.600000
16384	2834.560000
16384	2494.920000
16384	2505.320000
16384	2682.760000
16384	2668.920000
16384	2692.440000
16384	2438.480000
16384	2546.880000
16384	2514.280000
16384	2520.520000
16384	2583.240000
16384	2696.680000
16384	2686.720000
16384	2938.000000
16384	2891.040000
16384	2569.840000
16384	2617.160000
16384	2810.520000
16384	2577.560000
16384	2586.280000
16384	2690.200000
16384	2847.400000
16384	2557.960000
16384	2700.280000
Starting reads on all files
Waiting till all child processes complete..
Average time is 2639.488750
16384	2609.400000
16384	2570.240000
16384	2573.480000
16384	2551.200000
16384	2717.200000
16384	2669.640000
16384	2679.320000
16384	2434.240000
16384	2547.200000
16384	2543.640000
16384	2543.480000
16384	2690.600000
16384	2975.280000
16384	2753.240000
16384	2699.440000
16384	2497.320000
16384	2744.440000
16384	2772.000000
16384	2591.080000
16384	2613.800000
16384	2615.520000
16384	2678.080000
16384	2701.520000
16384	2527.840000
16384	2837.880000
16384	2631.520000
16384	3813.120000
16384	2563.040000
16384	2563.200000
16384	2686.280000
16384	2778.880000
16384	2542.360000
Starting reads on all files
Waiting till all child processes complete..
Average time is 2678.608750
16384	2586.000000
16384	2540.080000
16384	2546.200000
16384	2545.720000
16384	2615.520000
16384	2527.000000
16384	2635.920000
16384	2581.640000
16384	2770.440000
16384	2479.320000
16384	2837.040000
16384	2654.680000
16384	2545.360000
16384	2663.480000
16384	2635.280000
16384	2945.720000
16384	2434.360000
16384	2644.440000
16384	2771.280000
16384	2615.320000
16384	2711.840000
16384	2660.400000
16384	2459.000000
16384	2962.600000
16384	2707.080000
16384	2561.640000
16384	2716.440000
16384	103356.840000
16384	2730.840000
16384	2453.360000
16384	2734.520000
16384	2511.080000
Starting reads on all files
Waiting till all child processes complete..
Average time is 5785.638750
16384	2610.800000
16384	2488.840000
16384	2612.040000
16384	2594.120000
16384	2562.400000
16384	6529.400000
16384	2566.880000
16384	2492.800000
16384	2637.080000
16384	3344.240000
16384	2549.920000
16384	2389.160000
16384	2882.160000
16384	2703.920000
16384	2506.760000
16384	2626.760000
16384	2679.840000
16384	2815.000000
16384	2556.280000
16384	2921.280000
16384	2698.920000
16384	2762.320000
16384	2601.040000
16384	2699.480000
16384	2718.240000
16384	2614.240000
16384	2854.320000
16384	2869.560000
16384	2565.560000
16384	2777.400000
16384	2500.960000
16384	15717.440000
Starting reads on all files
Waiting till all child processes complete..
Average time is 3201.536250
16384	2640.240000
16384	2523.240000
16384	2534.360000
16384	2465.240000
16384	2522.720000
16384	2672.040000
16384	2514.560000
16384	2770.840000
16384	2667.560000
16384	2782.960000
16384	2570.760000
16384	2848.160000
16384	2823.440000
16384	2669.280000
16384	2445.360000
16384	2615.160000
16384	2663.360000
16384	118288.400000
16384	2578.240000
16384	2473.760000
16384	2612.800000
16384	2623.960000
16384	2400.600000
16384	2935.320000
16384	2574.120000
16384	2714.800000
16384	2586.240000
16384	6467.360000
16384	2598.000000
16384	3211.120000
16384	2649.240000
16384	2658.280000
Starting reads on all files
Waiting till all child processes complete..
Average time is 6378.172500
16384	2669.000000
16384	2587.000000
16384	2536.720000
16384	2861.840000
16384	2583.840000
16384	2520.920000
16384	2481.440000
16384	2559.560000
16384	2671.320000
16384	2496.400000
16384	2534.440000
16384	2704.240000
16384	2509.880000
16384	2715.040000
16384	3035.960000
16384	2559.680000
16384	2688.880000
16384	2606.560000
16384	2956.720000
16384	2626.560000
16384	2525.600000
16384	2642.960000
16384	2707.000000
16384	2688.800000
16384	2513.200000
16384	48129.880000
16384	2784.040000
16384	2539.400000
16384	2784.840000
16384	2635.280000
16384	3046.760000
16384	2492.440000
Starting reads on all files
Waiting till all child processes complete..
Average time is 4074.881250
16384	2665.200000
16384	2531.640000
16384	2513.400000
16384	2742.560000
16384	9670.680000
16384	2579.120000
16384	2494.040000
16384	2534.080000
16384	2620.240000
16384	2609.160000
16384	2788.600000
16384	2636.360000
16384	2460.320000
16384	2587.440000
16384	2671.800000
16384	2490.560000
16384	2981.120000
16384	2861.440000
16384	2631.920000
16384	2754.320000
16384	2631.600000
16384	2500.920000
16384	2462.560000
16384	3178.680000
16384	2580.960000
16384	2578.360000
16384	2558.000000
16384	2827.160000
16384	2906.160000
16384	2651.560000
16384	2841.960000
16384	2721.040000
Starting reads on all files
Waiting till all child processes complete..
Average time is 2883.217500
16384	2557.880000
16384	2619.280000
16384	2533.080000
16384	2817.720000
16384	2489.480000
16384	2605.640000
16384	2926.840000
16384	2663.200000
16384	2677.960000
16384	2836.400000
16384	2648.520000
16384	2550.840000
16384	2531.840000
16384	2843.800000
16384	2752.640000
16384	2582.320000
16384	2925.600000
16384	2941.680000
16384	2614.680000
16384	2772.600000
16384	6392.120000
16384	2870.720000
16384	2540.080000
16384	2666.760000
16384	2548.720000
16384	6513.720000
16384	3057.160000
16384	2667.520000
16384	2981.120000
16384	2697.040000
16384	6531.560000
16384	2793.720000
Starting reads on all files
Waiting till all child processes complete..
Average time is 3067.257500
16384	2666.200000
16384	2707.040000
16384	2588.080000
16384	2586.480000
16384	2727.480000
16384	2693.400000
16384	2749.400000
16384	2710.760000
16384	2715.800000
16384	2977.880000
16384	2987.840000
16384	2947.400000
16384	2555.920000
16384	2611.680000
16384	2497.040000
16384	2533.440000
16384	2533.720000
16384	2764.760000
16384	2631.200000
16384	2810.480000
16384	2665.520000
16384	2609.400000
16384	2680.840000
16384	2719.760000
16384	2816.200000
16384	2690.720000
16384	2533.320000
16384	2672.320000
16384	2682.120000
16384	2576.040000
16384	2608.600000
16384	2708.760000
Starting reads on all files
Waiting till all child processes complete..
Average time is 2686.237500
16384	2806.200000
16384	2503.040000
16384	2688.920000
16384	2542.640000
16384	2927.560000
16384	2605.920000
16384	2720.520000
16384	2685.120000
16384	2814.240000
16384	2558.040000
16384	2777.720000
16384	2764.880000
16384	2663.480000
16384	2537.120000
16384	2597.680000
16384	3004.720000
16384	2599.160000
16384	3003.000000
16384	2607.800000
16384	2513.200000
16384	2597.520000
16384	2789.120000
16384	2658.760000
16384	2520.680000
16384	2741.720000
16384	2514.480000
16384	2511.600000
16384	2698.280000
16384	2605.160000
16384	2550.520000
16384	2723.840000
16384	2587.160000
Starting reads on all files
Waiting till all child processes complete..
Average time is 2669.368750
16384	2663.120000
16384	2730.800000
16384	2604.080000
16384	2699.880000
16384	2520.800000
16384	2650.000000
16384	2670.520000
16384	2745.640000
16384	2553.600000
16384	3018.360000
16384	2769.000000
16384	2559.480000
16384	2933.560000
16384	2664.040000
16384	2711.480000
16384	2574.680000
16384	2712.240000
16384	2626.680000
16384	2906.040000
16384	2780.640000
16384	2676.680000
16384	2943.640000
16384	2556.680000
16384	2681.440000
16384	2710.840000
16384	2683.440000
16384	2510.680000
16384	2610.640000
16384	2689.920000
16384	2655.000000
16384	2578.360000
16384	2492.560000
Starting reads on all files
Waiting till all child processes complete..
Average time is 2683.891250
16384	2588.040000
16384	2472.840000
16384	9209.440000
16384	2428.880000
16384	2675.840000
16384	2487.800000
16384	2969.840000
16384	2555.440000
16384	2746.640000
16384	2662.200000
16384	2668.520000
16384	2752.920000
16384	2716.840000
16384	2625.000000
16384	2625.640000
16384	2583.200000
16384	2506.360000
16384	2704.920000
16384	2679.160000
16384	2492.880000
16384	2575.160000
16384	2644.680000
16384	2681.480000
16384	2947.000000
16384	2695.240000
16384	2791.680000
16384	2722.280000
16384	2548.720000
16384	2618.800000
16384	2534.840000
16384	2566.240000
16384	2715.840000
Starting reads on all files
Waiting till all child processes complete..
Average time is 2849.823750
16384	2688.000000
16384	2704.000000
16384	2516.520000
16384	2666.360000
16384	2537.240000
16384	2763.160000
16384	2976.520000
16384	2695.160000
16384	2580.720000
16384	2506.480000
16384	2741.440000
16384	2586.840000
16384	2710.080000
16384	2644.040000
16384	2719.800000
16384	6488.960000
16384	2588.360000
16384	2628.960000
16384	2686.760000
16384	2501.880000
16384	2615.880000
16384	2565.720000
16384	2872.720000
16384	2787.840000
16384	2461.960000
16384	2590.080000
16384	2519.080000
16384	2600.520000
16384	2742.560000
16384	2810.320000
16384	2533.160000
16384	2590.240000
Starting reads on all files
Waiting till all child processes complete..
Average time is 2769.417500
16384	2757.040000
16384	2558.320000
16384	2530.760000
16384	2549.800000
16384	2538.280000
16384	2752.640000
16384	2568.600000
16384	2901.800000
16384	2693.920000
16384	2714.480000
16384	2707.000000
16384	2657.760000
16384	2498.600000
16384	2606.720000
16384	2484.440000
16384	2571.560000
16384	2695.960000
16384	2654.520000
16384	2766.960000
16384	2550.320000
16384	2517.480000
16384	2428.920000
16384	2516.600000
16384	2647.560000
16384	2629.160000
16384	2694.760000
16384	2621.680000
16384	2659.720000
16384	2605.200000
16384	7459.360000
16384	2641.600000
16384	2492.160000
Starting reads on all files
Waiting till all child processes complete..
Average time is 2771.052500
16384	2695.120000
16384	2721.640000
16384	2539.800000
16384	2612.120000
16384	2597.280000
16384	2710.480000
16384	2543.200000
16384	2999.160000
16384	2772.000000
16384	2604.960000
16384	2482.880000
16384	2549.680000
16384	2658.960000
16384	2676.120000
16384	2594.480000
16384	2670.120000
16384	2528.080000
16384	2605.800000
16384	2663.240000
16384	2516.880000
16384	2853.760000
16384	2648.680000
16384	2691.560000
16384	2826.640000
16384	2459.440000
16384	2563.760000
16384	2995.520000
16384	2653.160000
16384	3483.840000
16384	2637.200000
16384	2549.840000
16384	2520.960000
Starting reads on all files
Waiting till all child processes complete..
Average time is 2675.823750
16384	2692.240000
16384	2579.040000
16384	2585.080000
16384	2574.520000
16384	2566.320000
16384	2547.920000
16384	2787.480000
16384	2403.320000
16384	2701.880000
16384	2671.840000
16384	2622.760000
16384	2553.240000
16384	2648.760000
16384	2483.920000
16384	2884.240000
16384	2563.560000
16384	2686.760000
16384	2630.720000
16384	2645.560000
16384	2613.360000
16384	2916.360000
16384	2605.760000
16384	2513.320000
16384	2527.240000
16384	2534.880000
16384	2664.200000
16384	2915.520000
16384	2641.880000
16384	2703.160000
16384	2935.880000
16384	56388.680000
16384	2654.280000
Starting reads on all files
Waiting till all child processes complete..
Average time is 4326.365000
16384	2555.600000
16384	2473.520000
16384	2652.880000
16384	2520.400000
16384	2663.720000
16384	6458.680000
16384	2552.600000
16384	2532.600000
16384	2492.920000
16384	2556.400000
16384	2406.280000
16384	2572.600000
16384	2836.880000
16384	2912.440000
16384	2694.760000
16384	2563.480000
16384	2677.760000
16384	2918.080000
16384	2631.080000
16384	2863.240000
16384	2526.920000
16384	2646.920000
16384	2609.760000
16384	2622.880000
16384	2862.920000
16384	2627.920000
16384	2764.360000
16384	2549.880000
16384	89027.400000
16384	2553.880000
16384	2647.400000
16384	2685.680000
Starting reads on all files
Waiting till all child processes complete..
Average time is 5458.182500
