16384	2688.680000
16384	2616.800000
16384	2523.000000
16384	2591.880000
16384	2544.560000
16384	2592.840000
16384	2602.200000
16384	2696.880000
16384	2662.440000
16384	2694.840000
16384	2754.600000
16384	2543.720000
16384	2717.880000
16384	2734.280000
16384	2662.120000
16384	2708.000000
16384	2496.520000
16384	2654.440000
16384	2596.000000
16384	2662.600000
16384	3009.880000
16384	2742.640000
16384	2826.880000
16384	2545.040000
16384	2561.200000
16384	2560.080000
16384	2559.200000
16384	2585.040000
16384	2672.080000
16384	2512.880000
16384	2719.920000
16384	2652.640000
16384	2561.240000
16384	2752.520000
16384	2698.720000
16384	2986.480000
16384	2577.440000
16384	2597.440000
16384	2968.720000
16384	2578.360000
16384	2695.640000
16384	2726.840000
16384	2564.520000
16384	2801.400000
16384	2833.440000
16384	2919.840000
16384	2590.200000
16384	2685.760000
Starting reads on all files
Waiting till all child processes complete..
Average time is 2671.465000
16384	2647.440000
16384	2502.360000
16384	2561.360000
16384	2580.000000
16384	2496.000000
16384	2670.880000
16384	2506.000000
16384	2701.680000
16384	2547.280000
16384	2678.040000
16384	2547.080000
16384	2717.160000
16384	2660.720000
16384	2496.320000
16384	2595.200000
16384	2560.240000
16384	2553.880000
16384	2444.040000
16384	2624.840000
16384	2557.120000
16384	2527.240000
16384	2594.800000
16384	2563.760000
16384	2759.720000
16384	2558.080000
16384	2562.720000
16384	3117.400000
16384	2538.040000
16384	2838.080000
16384	2563.400000
16384	2754.600000
16384	2802.960000
16384	2577.920000
16384	2618.880000
16384	2805.400000
16384	2651.320000
16384	2698.400000
16384	2507.640000
16384	2996.240000
16384	2633.080000
16384	2534.960000
16384	2942.720000
16384	2599.560000
16384	2537.440000
16384	2638.160000
16384	2634.360000
16384	2692.640000
16384	36379.200000
Starting reads on all files
Waiting till all child processes complete..
Average time is 3339.090833
16384	2665.880000
16384	2558.480000
16384	2497.880000
16384	2830.600000
16384	2580.160000
16384	10222.120000
16384	2556.680000
16384	2503.720000
16384	2618.160000
16384	2581.600000
16384	2719.160000
16384	2935.200000
16384	2591.880000
16384	2474.480000
16384	2483.040000
16384	2712.920000
16384	2758.240000
16384	2613.280000
16384	2586.240000
16384	2530.680000
16384	2490.160000
16384	2762.800000
16384	2543.480000
16384	2562.760000
16384	2485.720000
16384	2532.600000
16384	2625.640000
16384	2804.440000
16384	2622.480000
16384	2640.880000
16384	2890.800000
16384	2550.840000
16384	2710.400000
16384	2571.640000
16384	2474.040000
16384	2591.760000
16384	2570.040000
16384	2620.640000
16384	2502.920000
16384	2630.080000
16384	2502.000000
16384	2422.080000
16384	2790.160000
16384	2575.560000
16384	2873.160000
16384	2487.480000
16384	2628.360000
16384	2695.360000
Starting reads on all files
Waiting till all child processes complete..
Average time is 2774.555833
16384	2591.920000
16384	2547.680000
16384	2540.960000
16384	2515.960000
16384	2651.320000
16384	2571.000000
16384	9205.520000
16384	2546.000000
16384	2663.120000
16384	2614.640000
16384	2604.720000
16384	2626.800000
16384	2878.960000
16384	2929.680000
16384	2916.760000
16384	2738.080000
16384	2676.640000
16384	10099.000000
16384	2468.040000
16384	6680.760000
16384	2433.480000
16384	2710.000000
16384	2473.240000
16384	2825.040000
16384	2651.080000
16384	2639.680000
16384	2686.080000
16384	3018.120000
16384	2570.280000
16384	2654.800000
16384	2401.320000
16384	2503.880000
16384	2512.120000
16384	2572.080000
16384	2698.680000
16384	2608.280000
16384	2646.720000
16384	2901.680000
16384	2975.920000
16384	2463.680000
16384	2538.640000
16384	2657.680000
16384	2568.040000
16384	2579.560000
16384	2445.400000
16384	2668.160000
16384	2580.040000
16384	2573.840000
Starting reads on all files
Waiting till all child processes complete..
Average time is 3013.022500
16384	2693.760000
16384	2618.040000
16384	2684.040000
16384	2669.720000
16384	2624.760000
16384	2620.800000
16384	2629.240000
16384	2620.160000
16384	2690.600000
16384	2480.880000
16384	2583.360000
16384	2621.960000
16384	2642.320000
16384	2636.040000
16384	2940.640000
16384	2835.320000
16384	2692.880000
16384	2697.640000
16384	2731.720000
16384	2820.480000
16384	3024.400000
16384	2579.520000
16384	2610.640000
16384	2593.880000
16384	2667.080000
16384	2749.560000
16384	16211.040000
16384	2533.480000
16384	2734.760000
16384	2963.320000
16384	2540.360000
16384	2504.440000
16384	2572.600000
16384	2713.440000
16384	2641.960000
16384	2511.080000
16384	2837.760000
16384	3484.960000
16384	2537.360000
16384	2702.400000
16384	2625.320000
16384	2545.000000
16384	2582.480000
16384	2681.000000
16384	2765.880000
16384	2614.920000
16384	2659.760000
16384	2541.720000
Starting reads on all files
Waiting till all child processes complete..
Average time is 2963.843333
16384	2607.280000
16384	2544.200000
16384	2502.720000
16384	2606.960000
16384	2566.320000
16384	2443.000000
16384	2914.240000
16384	2633.800000
16384	2464.400000
16384	2534.000000
16384	2661.640000
16384	2510.640000
16384	2578.960000
16384	2663.880000
16384	2425.200000
16384	2716.280000
16384	2677.560000
16384	2897.400000
16384	2515.680000
16384	2574.280000
16384	6758.760000
16384	2593.880000
16384	2706.360000
16384	2456.560000
16384	2510.320000
16384	2625.640000
16384	2740.160000
16384	2567.080000
16384	2549.360000
16384	2519.480000
16384	3575.000000
16384	2595.160000
16384	2714.960000
16384	2673.440000
16384	2689.240000
16384	2563.520000
16384	2739.360000
16384	2554.960000
16384	2570.000000
16384	2915.800000
16384	2752.480000
16384	2692.600000
16384	2526.880000
16384	2857.240000
16384	2601.320000
16384	2659.440000
16384	2654.840000
16384	2599.240000
Starting reads on all files
Waiting till all child processes complete..
Average time is 2729.198333
16384	2663.920000
16384	2522.840000
16384	2692.000000
16384	2523.000000
16384	2551.800000
16384	2599.240000
16384	2575.160000
16384	2548.000000
16384	2611.640000
16384	2643.400000
16384	2714.200000
16384	2541.960000
16384	2562.360000
16384	2459.960000
16384	2636.480000
16384	2644.240000
16384	2706.640000
16384	2883.840000
16384	3232.360000
16384	2682.400000
16384	2785.000000
16384	2538.520000
16384	2586.240000
16384	2664.600000
16384	2672.000000
16384	2836.800000
16384	2775.280000
16384	2565.320000
16384	2634.600000
16384	2517.320000
16384	2610.400000
16384	2551.040000
16384	2522.520000
16384	2487.200000
16384	2507.200000
16384	2514.200000
16384	2778.440000
16384	2660.120000
16384	184811.120000
16384	2917.640000
16384	2586.520000
16384	2484.760000
16384	2573.960000
16384	2599.880000
16384	2651.360000
16384	2721.880000
16384	2661.760000
16384	2645.840000
Starting reads on all files
Waiting till all child processes complete..
Average time is 6434.520000
16384	2597.880000
16384	2600.200000
16384	2525.200000
16384	2552.440000
16384	2697.840000
16384	2402.200000
16384	2482.320000
16384	2606.760000
16384	2760.800000
16384	2570.120000
16384	2713.320000
16384	2924.480000
16384	2663.680000
16384	2676.600000
16384	2407.200000
16384	2560.400000
16384	2636.080000
16384	2681.440000
16384	2661.480000
16384	6721.160000
16384	2927.760000
16384	2454.040000
16384	2717.400000
16384	2538.920000
16384	2652.040000
16384	2575.960000
16384	2707.000000
16384	2613.080000
16384	2507.320000
16384	2755.440000
16384	2460.240000
16384	2661.960000
16384	2522.400000
16384	2712.240000
16384	2626.240000
16384	2526.960000
16384	2489.560000
16384	2569.440000
16384	2523.880000
16384	2481.120000
16384	2677.640000
16384	2862.320000
16384	2615.800000
16384	2922.760000
16384	2647.360000
16384	2680.400000
16384	2589.000000
16384	2794.720000
Starting reads on all files
Waiting till all child processes complete..
Average time is 2713.637500
16384	2667.200000
16384	2528.720000
16384	2694.360000
16384	2574.880000
16384	9292.640000
16384	2509.360000
16384	2609.720000
16384	2524.480000
16384	2648.040000
16384	2926.920000
16384	2556.360000
16384	2727.360000
16384	2478.040000
16384	2904.920000
16384	2990.040000
16384	2720.400000
16384	2664.960000
16384	2723.720000
16384	2941.600000
16384	2687.680000
16384	2616.320000
16384	2617.640000
16384	2569.480000
16384	2563.600000
16384	2496.440000
16384	2668.200000
16384	2626.080000
16384	2569.920000
16384	2621.240000
16384	2841.960000
16384	2676.000000
16384	2561.160000
16384	2479.320000
16384	2587.080000
16384	109418.880000
16384	2477.800000
16384	2534.040000
16384	2536.600000
16384	2512.720000
16384	2686.440000
16384	2639.200000
16384	2732.320000
16384	2586.280000
16384	2629.200000
16384	2707.720000
16384	2662.080000
16384	2433.360000
16384	2514.720000
Starting reads on all files
Waiting till all child processes complete..
Average time is 4998.691667
16384	2663.600000
16384	2569.800000
16384	2614.520000
16384	2503.040000
16384	2714.240000
16384	2561.920000
16384	2507.800000
16384	2512.760000
16384	2682.520000
16384	2604.440000
16384	2554.760000
16384	2740.960000
16384	2572.880000
16384	2434.600000
16384	2645.920000
16384	2668.960000
16384	2625.080000
16384	2907.280000
16384	2497.800000
16384	2823.840000
16384	2589.400000
16384	2901.360000
16384	2652.520000
16384	2775.640000
16384	2587.320000
16384	2668.280000
16384	2704.200000
16384	2609.440000
16384	2520.600000
16384	2672.720000
16384	2575.840000
16384	2721.440000
16384	2541.720000
16384	2652.320000
16384	2505.000000
16384	2650.200000
16384	2621.920000
16384	2604.320000
16384	2523.760000
16384	178626.760000
16384	2647.880000
16384	2582.000000
16384	2462.800000
16384	2470.240000
16384	3734.880000
16384	2626.200000
16384	2683.280000
16384	2703.800000
Starting reads on all files
Waiting till all child processes complete..
Average time is 6312.970000
16384	2580.280000
16384	2589.520000
16384	2521.680000
16384	2613.640000
16384	2499.800000
16384	2755.560000
16384	9846.080000
16384	2540.000000
16384	2422.880000
16384	2663.760000
16384	2564.800000
16384	2561.360000
16384	2683.000000
16384	2522.760000
16384	2684.040000
16384	2723.080000
16384	2605.000000
16384	2663.600000
16384	2640.600000
16384	2882.000000
16384	2739.720000
16384	2539.720000
16384	2788.120000
16384	2465.280000
16384	2880.160000
16384	2932.160000
16384	2495.240000
16384	2615.360000
16384	2556.160000
16384	2712.360000
16384	2638.800000
16384	2693.560000
16384	2892.320000
16384	2670.920000
16384	2622.840000
16384	2673.400000
16384	2614.760000
16384	2487.000000
16384	2649.840000
16384	2801.880000
16384	2505.760000
16384	2495.120000
16384	2667.160000
16384	2824.000000
16384	2604.560000
16384	2866.480000
16384	2519.920000
16384	2476.160000
Starting reads on all files
Waiting till all child processes complete..
Average time is 2791.504167
16384	2692.080000
16384	2470.640000
16384	2565.520000
16384	2572.160000
16384	2593.840000
16384	2737.120000
16384	2666.600000
16384	2536.440000
16384	2594.760000
16384	2708.680000
16384	2640.600000
16384	2745.800000
16384	2646.120000
16384	2519.400000
16384	6399.040000
16384	2642.040000
16384	26340.600000
16384	2788.760000
16384	2688.880000
16384	2541.280000
16384	2472.640000
16384	2750.280000
16384	2707.880000
16384	2519.440000
16384	2617.680000
16384	2611.640000
16384	2778.240000
16384	2579.600000
16384	2902.040000
16384	2581.920000
16384	2539.320000
16384	2641.040000
16384	2886.160000
16384	2477.840000
16384	2747.200000
16384	2688.040000
16384	2745.320000
16384	2502.080000
16384	2646.840000
16384	2696.000000
16384	2532.480000
16384	2725.880000
16384	2704.040000
16384	2448.600000
16384	3186.080000
16384	2539.960000
16384	2613.680000
16384	2528.120000
Starting reads on all files
Waiting till all child processes complete..
Average time is 3217.925000
16384	2622.360000
16384	2716.800000
16384	2470.360000
16384	2645.000000
16384	2796.480000
16384	2694.760000
16384	2590.080000
16384	2645.080000
16384	2566.840000
16384	2678.760000
16384	2461.520000
16384	2890.280000
16384	2829.760000
16384	2634.800000
16384	2646.880000
16384	2580.960000
16384	2653.560000
16384	2718.600000
16384	2528.880000
16384	2567.000000
16384	2632.160000
16384	2614.960000
16384	2497.240000
16384	2492.920000
16384	2721.200000
16384	2557.880000
16384	2531.760000
16384	2459.280000
16384	2934.600000
16384	2689.280000
16384	2749.880000
16384	2718.760000
16384	2527.600000
16384	2509.800000
16384	2644.040000
16384	2650.400000
16384	2538.520000
16384	2853.720000
16384	2655.080000
16384	2448.960000
16384	2503.640000
16384	2686.400000
16384	2501.760000
16384	2993.280000
16384	2688.560000
16384	2808.400000
16384	2514.520000
16384	2516.520000
Starting reads on all files
Waiting till all child processes complete..
Average time is 2637.080833
16384	2809.400000
16384	2751.880000
16384	2699.480000
16384	2543.720000
16384	2561.080000
16384	2624.840000
16384	2966.880000
16384	2626.720000
16384	2940.640000
16384	2725.600000
16384	2665.640000
16384	2493.000000
16384	2518.360000
16384	2608.320000
16384	2552.640000
16384	2751.200000
16384	2674.600000
16384	6506.840000
16384	2489.520000
16384	2545.120000
16384	2661.280000
16384	2491.960000
16384	2514.840000
16384	2496.720000
16384	2419.600000
16384	2767.320000
16384	2730.800000
16384	2498.360000
16384	2633.000000
16384	2417.360000
16384	2546.800000
16384	2521.880000
16384	2665.680000
16384	2586.240000
16384	2631.360000
16384	2683.200000
16384	2588.360000
16384	2457.040000
16384	2666.240000
16384	2695.760000
16384	2698.800000
16384	2598.120000
16384	2647.520000
16384	2546.320000
16384	2681.600000
16384	2689.280000
16384	2523.360000
16384	2653.720000
Starting reads on all files
Waiting till all child processes complete..
Average time is 2703.500000
16384	2654.000000
16384	2534.360000
16384	2452.000000
16384	2648.600000
16384	2566.920000
16384	2815.240000
16384	2757.880000
16384	2741.000000
16384	2949.440000
16384	2660.080000
16384	2596.600000
16384	2553.040000
16384	2670.400000
16384	2470.200000
16384	2591.960000
16384	2945.240000
16384	2819.160000
16384	2591.880000
16384	2515.120000
16384	2679.120000
16384	2656.200000
16384	2551.200000
16384	2642.720000
16384	2714.080000
16384	2706.080000
16384	2524.280000
16384	2879.880000
16384	2507.720000
16384	2652.080000
16384	2707.120000
16384	2644.800000
16384	2661.000000
16384	2527.280000
16384	2577.200000
16384	2713.400000
16384	2512.400000
16384	2650.440000
16384	2495.720000
16384	230707.320000
16384	2631.640000
16384	2544.800000
16384	2615.840000
16384	2535.880000
16384	2760.760000
16384	2689.840000
16384	2526.000000
16384	2586.200000
16384	2679.440000
Starting reads on all files
Waiting till all child processes complete..
Average time is 7391.949167
16384	2699.920000
16384	2643.400000
16384	2667.800000
16384	2689.800000
16384	2667.800000
16384	2701.680000
16384	2886.960000
16384	2645.960000
16384	2718.760000
16384	2538.880000
16384	2452.680000
16384	2685.200000
16384	2635.120000
16384	2735.480000
16384	2585.720000
16384	2651.200000
16384	2546.720000
16384	2571.040000
16384	2748.840000
16384	2787.120000
16384	2540.280000
16384	2576.000000
16384	2597.600000
16384	2707.080000
16384	2730.360000
16384	2587.000000
16384	2584.760000
16384	6344.400000
16384	2530.960000
16384	2521.240000
16384	2600.400000
16384	2643.680000
16384	2696.800000
16384	2589.480000
16384	2717.680000
16384	2660.320000
16384	2483.560000
16384	2632.440000
16384	2663.400000
16384	2609.520000
16384	2767.880000
16384	2850.200000
16384	2658.680000
16384	244914.480000
16384	2619.320000
16384	2627.520000
16384	2688.280000
16384	2665.440000
Starting reads on all files
Waiting till all child processes complete..
Average time is 7772.267500
16384	2736.040000
16384	2520.280000
16384	2644.440000
16384	2970.760000
16384	2782.880000
16384	2591.840000
16384	2621.120000
16384	39087.440000
16384	2632.680000
16384	2542.360000
16384	2522.880000
16384	2542.800000
16384	2952.680000
16384	2538.480000
16384	2470.840000
16384	2638.000000
16384	2643.520000
16384	2492.280000
16384	2669.280000
16384	2872.800000
16384	2656.600000
16384	2644.440000
16384	2754.280000
16384	2571.160000
16384	2620.640000
16384	2646.840000
16384	2443.720000
16384	2451.400000
16384	2525.960000
16384	2712.480000
16384	2799.040000
16384	2841.960000
16384	2599.800000
16384	2575.240000
16384	2769.960000
16384	2743.400000
16384	2451.960000
16384	2546.640000
16384	2624.760000
16384	2455.880000
16384	2559.000000
16384	2591.120000
16384	2510.960000
16384	2629.840000
16384	2685.120000
16384	2575.680000
16384	2556.680000
16384	2576.040000
Starting reads on all files
Waiting till all child processes complete..
Average time is 3387.375000
16384	6574.440000
16384	2567.840000
16384	2606.080000
16384	2539.360000
16384	2600.840000
16384	2528.200000
16384	2601.640000
16384	6467.560000
16384	2673.000000
16384	2510.400000
16384	3050.080000
16384	2674.440000
16384	2461.880000
16384	2692.600000
16384	2527.360000
16384	2712.320000
16384	2870.040000
16384	2706.000000
16384	2658.960000
16384	2514.080000
16384	2557.560000
16384	2748.880000
16384	2729.280000
16384	2626.600000
16384	2652.680000
16384	2493.440000
16384	2567.240000
16384	2695.960000
16384	2608.600000
16384	2684.160000
16384	2587.160000
16384	2541.760000
16384	2544.200000
16384	2573.000000
16384	2763.560000
16384	2701.840000
16384	2472.520000
16384	2625.000000
16384	2518.960000
16384	2523.600000
16384	2946.880000
16384	2679.440000
16384	192203.360000
16384	2439.880000
16384	2659.640000
16384	2722.440000
16384	2858.240000
16384	2863.200000
Starting reads on all files
Waiting till all child processes complete..
Average time is 6752.629167
16384	2610.960000
16384	2580.840000
16384	2587.640000
16384	2576.520000
16384	2485.480000
16384	2530.680000
16384	2552.200000
16384	2618.360000
16384	2601.160000
16384	2749.360000
16384	2902.640000
16384	2643.200000
16384	2604.720000
16384	2472.000000
16384	2673.680000
16384	2711.480000
16384	2685.840000
16384	2890.160000
16384	3184.520000
16384	2641.560000
16384	2421.600000
16384	2626.880000
16384	2718.160000
16384	2746.200000
16384	2633.520000
16384	2414.160000
16384	2881.160000
16384	6416.520000
16384	2668.520000
16384	2577.840000
16384	2878.760000
16384	2605.720000
16384	2449.080000
16384	2544.600000
16384	2529.560000
16384	2627.040000
16384	2547.080000
16384	2499.480000
16384	2662.720000
16384	2706.920000
16384	2625.920000
16384	2823.880000
16384	2647.280000
16384	2820.120000
16384	2657.960000
16384	2581.360000
16384	2581.000000
16384	17663.400000
Starting reads on all files
Waiting till all child processes complete..
Average time is 3038.738333
16384	2637.040000
16384	2656.000000
16384	2529.240000
16384	2452.920000
16384	2571.720000
16384	2711.520000
16384	2459.800000
16384	2540.520000
16384	2947.160000
16384	2484.400000
16384	2541.160000
16384	2623.160000
16384	3122.640000
16384	2797.240000
16384	2584.000000
16384	2645.880000
16384	2622.240000
16384	2608.000000
16384	2534.720000
16384	2883.240000
16384	2680.880000
16384	2659.120000
16384	2544.160000
16384	2652.000000
16384	2811.800000
16384	2566.720000
16384	2694.120000
16384	2611.480000
16384	3156.680000
16384	2670.400000
16384	195534.400000
16384	2647.160000
16384	2634.040000
16384	2486.840000
16384	2630.800000
16384	2783.440000
16384	2600.680000
16384	2906.800000
16384	2565.040000
16384	2749.080000
16384	2658.760000
16384	2623.440000
16384	2641.400000
16384	2568.560000
16384	2598.520000
16384	2474.920000
16384	2518.480000
16384	2691.720000
Starting reads on all files
Waiting till all child processes complete..
Average time is 6673.209167
16384	2599.840000
16384	2586.120000
16384	2478.360000
16384	2452.200000
16384	2561.200000
16384	2568.680000
16384	2597.960000
16384	2570.760000
16384	2645.120000
16384	6523.200000
16384	2525.320000
16384	2620.000000
16384	2651.360000
16384	2703.480000
16384	2706.960000
16384	2645.040000
16384	2682.080000
16384	2718.960000
16384	2683.000000
16384	2564.440000
16384	2526.040000
16384	2666.880000
16384	2456.320000
16384	2532.760000
16384	2642.880000
16384	2801.120000
16384	2963.240000
16384	2468.560000
16384	2578.640000
16384	2610.760000
16384	2512.840000
16384	2626.200000
16384	2756.760000
16384	2837.280000
16384	2745.000000
16384	2792.720000
16384	2879.040000
16384	2646.600000
16384	2750.920000
16384	2537.520000
16384	2520.680000
16384	2696.320000
16384	2527.840000
16384	2985.040000
16384	2504.000000
16384	2613.600000
16384	2569.040000
16384	2570.640000
Starting reads on all files
Waiting till all child processes complete..
Average time is 2716.735833
16384	2514.880000
16384	2914.080000
16384	2990.120000
16384	3027.760000
16384	2851.800000
16384	2675.000000
16384	2653.920000
16384	2671.960000
16384	2581.600000
16384	2652.640000
16384	2557.320000
16384	2648.840000
16384	2589.640000
16384	2739.720000
16384	2641.560000
16384	2503.320000
16384	2516.160000
16384	2461.720000
16384	2664.240000
16384	2540.920000
16384	2641.240000
16384	2678.960000
16384	2487.960000
16384	2684.360000
16384	2687.040000
16384	2631.440000
16384	2529.120000
16384	2622.400000
16384	2439.080000
16384	2695.240000
16384	2478.760000
16384	2659.760000
16384	2552.320000
16384	2647.480000
16384	2640.640000
16384	2646.080000
16384	2614.880000
16384	2575.480000
16384	2540.440000
16384	2621.640000
16384	2635.080000
16384	2716.160000
16384	2643.920000
16384	2579.680000
16384	2600.600000
16384	2539.880000
16384	86720.600000
16384	2549.840000
Starting reads on all files
Waiting till all child processes complete..
Average time is 4384.526667
16384	2835.160000
16384	2764.680000
16384	2676.040000
16384	3058.360000
16384	2553.400000
16384	2480.520000
16384	2683.360000
16384	2867.200000
16384	2539.520000
16384	2592.720000
16384	2638.080000
16384	2684.880000
16384	6691.360000
16384	2517.480000
16384	2567.200000
16384	2565.200000
16384	2706.520000
16384	2585.320000
16384	2485.400000
16384	2637.640000
16384	2686.280000
16384	2535.840000
16384	2754.000000
16384	2698.920000
16384	2626.640000
16384	2594.960000
16384	2689.600000
16384	2660.240000
16384	2607.080000
16384	2521.720000
16384	2740.160000
16384	2571.200000
16384	2762.440000
16384	2656.640000
16384	2570.840000
16384	2528.840000
16384	2493.200000
16384	2903.200000
16384	2608.120000
16384	2467.520000
16384	2663.640000
16384	2590.080000
16384	2497.840000
16384	2509.160000
16384	2804.640000
16384	2590.880000
16384	2573.320000
16384	88161.400000
Starting reads on all files
Waiting till all child processes complete..
Average time is 4504.134167
16384	2637.240000
16384	2482.960000
16384	2575.240000
16384	2590.720000
16384	6353.040000
16384	2572.760000
16384	2540.160000
16384	2536.400000
16384	2646.600000
16384	2520.840000
16384	2715.720000
16384	2692.720000
16384	2819.160000
16384	2713.760000
16384	2723.360000
16384	2467.920000
16384	2700.920000
16384	2613.840000
16384	2692.360000
16384	2676.920000
16384	2681.000000
16384	2583.920000
16384	2635.960000
16384	2679.520000
16384	2639.040000
16384	2659.560000
16384	2549.640000
16384	2515.680000
16384	2754.720000
16384	2668.320000
16384	2689.560000
16384	2564.600000
16384	2527.800000
16384	2596.600000
16384	2542.920000
16384	2658.480000
16384	2630.040000
16384	2620.200000
16384	2625.240000
16384	2654.680000
16384	2628.640000
16384	2523.520000
16384	2536.400000
16384	2605.200000
16384	2436.840000
16384	2627.160000
16384	2644.400000
16384	2635.000000
Starting reads on all files
Waiting till all child processes complete..
Average time is 2695.568333
16384	2684.160000
16384	2450.320000
16384	2588.520000
16384	2663.040000
16384	2566.600000
16384	2667.760000
16384	2690.840000
16384	2554.320000
16384	2653.240000
16384	2548.520000
16384	2925.240000
16384	2925.520000
16384	2691.240000
16384	2638.000000
16384	2682.840000
16384	2689.640000
16384	2648.960000
16384	2458.800000
16384	2633.120000
16384	2989.520000
16384	2484.120000
16384	2486.760000
16384	2709.360000
16384	2811.040000
16384	2499.680000
16384	2867.840000
16384	2786.920000
16384	2596.000000
16384	2480.000000
16384	2954.960000
16384	2786.200000
16384	2785.160000
16384	2461.800000
16384	2602.560000
16384	2712.920000
16384	2627.920000
16384	2559.080000
16384	2584.440000
16384	2602.200000
16384	2600.840000
16384	2623.040000
16384	2610.480000
16384	2502.760000
16384	2439.000000
16384	2669.440000
16384	2567.880000
16384	2646.880000
16384	2564.680000
Starting reads on all files
Waiting till all child processes complete..
Average time is 2645.295000
16384	2543.880000
16384	2805.000000
16384	2575.080000
16384	2516.400000
16384	2635.520000
16384	2617.200000
16384	2503.080000
16384	2513.440000
16384	2533.920000
16384	2630.080000
16384	2563.960000
16384	2569.200000
16384	2538.280000
16384	2779.320000
16384	2523.760000
16384	2554.080000
16384	2590.400000
16384	2966.400000
16384	2681.800000
16384	2668.840000
16384	2819.480000
16384	2653.320000
16384	2831.640000
16384	2704.520000
16384	2595.680000
16384	2554.320000
16384	2646.040000
16384	2936.880000
16384	2500.520000
16384	2699.880000
16384	2533.920000
16384	2667.600000
16384	2649.120000
16384	2607.480000
16384	2768.840000
16384	2503.880000
16384	2566.000000
16384	2640.520000
16384	2494.560000
16384	2470.600000
16384	2729.960000
16384	2567.720000
16384	2431.720000
16384	2598.440000
16384	2597.560000
16384	2642.360000
16384	3034.240000
16384	2468.760000
Starting reads on all files
Waiting till all child processes complete..
Average time is 2629.691667
16384	2814.520000
16384	2577.160000
16384	2566.440000
16384	2490.400000
16384	2649.760000
16384	2426.480000
16384	2485.040000
16384	2562.520000
16384	2869.040000
16384	2724.200000
16384	2951.680000
16384	2577.680000
16384	2723.560000
16384	2651.280000
16384	2651.280000
16384	2636.480000
16384	2962.600000
16384	2844.600000
16384	2672.080000
16384	2626.200000
16384	2736.000000
16384	2698.000000
16384	2728.480000
16384	2650.840000
16384	2496.400000
16384	2706.720000
16384	2568.480000
16384	2674.640000
16384	2555.920000
16384	2603.960000
16384	2465.440000
16384	2488.120000
16384	2592.400000
16384	2543.000000
16384	2818.400000
16384	2584.360000
16384	2512.040000
16384	2523.840000
16384	2617.800000
16384	2507.800000
16384	2662.200000
16384	2626.960000
16384	126326.240000
16384	2576.040000
16384	2716.680000
16384	2854.240000
16384	2640.760000
16384	2529.160000
Starting reads on all files
Waiting till all child processes complete..
Average time is 5218.081667
16384	2640.960000
16384	2530.040000
16384	2566.520000
16384	2599.240000
16384	2647.040000
16384	2676.800000
16384	2689.600000
16384	2518.680000
16384	2501.640000
16384	2608.320000
16384	2605.880000
16384	2726.680000
16384	2748.080000
16384	3200.360000
16384	2553.160000
16384	2709.760000
16384	2706.240000
16384	2544.160000
16384	2770.680000
16384	2670.320000
16384	2538.640000
16384	3706.160000
16384	2525.400000
16384	2643.080000
16384	2565.160000
16384	2704.640000
16384	2447.480000
16384	6385.240000
16384	2715.320000
16384	2595.120000
16384	2559.120000
16384	2904.120000
16384	2490.640000
16384	2674.000000
16384	2557.080000
16384	2654.600000
16384	2663.320000
16384	2684.600000
16384	2633.240000
16384	2831.200000
16384	2536.880000
16384	2498.240000
16384	2889.520000
16384	2528.560000
16384	2629.600000
16384	2506.440000
16384	2769.720000
16384	2966.360000
Starting reads on all files
Waiting till all child processes complete..
Average time is 2750.367500
16384	2699.520000
16384	2437.800000
16384	2554.960000
16384	2876.600000
16384	2503.520000
16384	2689.640000
16384	2643.400000
16384	2919.120000
16384	3049.160000
16384	2549.920000
16384	2755.960000
16384	2715.720000
16384	2655.680000
16384	2631.200000
16384	2626.480000
16384	2517.280000
16384	2692.920000
16384	2530.640000
16384	2587.280000
16384	2604.040000
16384	2376.840000
16384	2548.680000
16384	2660.000000
16384	2546.000000
16384	2581.680000
16384	2660.840000
16384	2473.520000
16384	2560.600000
16384	2874.000000
16384	2821.400000
16384	2621.440000
16384	2637.480000
16384	2665.120000
16384	2565.360000
16384	2636.800000
16384	2620.440000
16384	2615.720000
16384	2534.760000
16384	2684.880000
16384	2497.800000
16384	2694.240000
16384	2650.640000
16384	2500.440000
16384	2683.200000
16384	2670.320000
16384	2484.680000
16384	2594.640000
16384	2634.160000
Starting reads on all files
Waiting till all child processes complete..
Average time is 2632.010833
16384	2600.440000
16384	2526.400000
16384	2670.760000
16384	2597.400000
16384	2536.520000
16384	2747.080000
16384	9726.400000
16384	2514.760000
16384	2594.640000
16384	2524.240000
16384	2683.640000
16384	2458.200000
16384	2783.920000
16384	2565.160000
16384	2790.920000
16384	2459.840000
16384	2657.880000
16384	2652.320000
16384	3293.880000
16384	2605.080000
16384	2714.840000
16384	2513.160000
16384	2664.360000
16384	2682.960000
16384	2651.040000
16384	2647.920000
16384	2676.000000
16384	2804.320000
16384	2859.640000
16384	6496.120000
16384	2943.400000
16384	2853.440000
16384	2514.200000
16384	2495.280000
16384	2485.520000
16384	2669.280000
16384	2591.560000
16384	2589.920000
16384	2636.480000
16384	2459.240000
16384	2551.040000
16384	2893.280000
16384	2592.920000
16384	2632.480000
16384	2707.760000
16384	2730.440000
16384	36765.000000
16384	2620.240000
Starting reads on all files
Waiting till all child processes complete..
Average time is 3592.319167
