16384	2882.040000
16384	2633.520000
16384	2713.120000
16384	2603.840000
16384	2634.960000
16384	2791.920000
16384	2715.200000
16384	2756.920000
16384	2781.480000
16384	2619.760000
16384	2770.160000
16384	2500.680000
16384	8750.240000
16384	2746.680000
16384	2503.360000
16384	2688.560000
16384	2708.480000
16384	2562.680000
16384	2472.680000
16384	2685.040000
16384	2726.760000
16384	2603.560000
16384	2907.400000
16384	2635.600000
16384	2776.640000
16384	2758.920000
16384	2992.520000
16384	2683.200000
16384	2587.840000
16384	2725.760000
16384	2624.160000
16384	2636.360000
16384	2732.800000
16384	2988.520000
16384	2686.480000
16384	2732.680000
16384	2633.040000
16384	2676.800000
16384	2732.000000
16384	2610.480000
16384	2764.200000
16384	2610.640000
16384	2637.560000
16384	2964.200000
16384	2788.880000
16384	2708.560000
16384	2780.040000
16384	2627.800000
16384	2515.720000
16384	2759.040000
16384	2629.680000
16384	2819.080000
16384	2594.000000
16384	2742.760000
16384	2694.680000
16384	2720.520000
16384	2698.240000
16384	2533.280000
16384	2597.880000
16384	2833.480000
16384	2487.760000
16384	2627.560000
16384	2715.200000
16384	102121.280000
Starting reads on all files
Waiting till all child processes complete..
Average time is 4342.888750
16384	3017.480000
16384	2752.320000
16384	2728.600000
16384	2673.280000
16384	2689.560000
16384	2671.800000
16384	2723.160000
16384	2743.840000
16384	2565.640000
16384	2602.640000
16384	2649.840000
16384	2729.680000
16384	2747.920000
16384	2586.400000
16384	2724.440000
16384	2493.040000
16384	2734.920000
16384	2571.040000
16384	2515.480000
16384	2574.440000
16384	2634.840000
16384	2738.200000
16384	2760.040000
16384	2979.960000
16384	2736.520000
16384	2616.800000
16384	2529.200000
16384	2689.640000
16384	2777.840000
16384	2680.720000
16384	2660.960000
16384	2595.240000
16384	3126.240000
16384	2628.960000
16384	2671.120000
16384	2650.080000
16384	2854.320000
16384	2520.680000
16384	2739.160000
16384	2612.280000
16384	2778.200000
16384	2668.760000
16384	2617.800000
16384	2674.360000
16384	2684.120000
16384	2643.520000
16384	2810.000000
16384	2522.960000
16384	2662.120000
16384	2759.960000
16384	2465.200000
16384	2668.520000
16384	3915.680000
16384	2646.560000
16384	2722.120000
16384	2717.760000
16384	2642.160000
16384	2686.000000
16384	2732.360000
16384	2685.240000
16384	2660.240000
16384	2651.960000
16384	2662.360000
16384	2668.440000
Starting reads on all files
Waiting till all child processes complete..
Average time is 2703.823750
16384	2662.840000
16384	2837.120000
16384	2778.680000
16384	2497.000000
16384	2559.880000
16384	2645.880000
16384	2481.880000
16384	2533.680000
16384	2543.720000
16384	2440.120000
16384	2753.160000
16384	2648.400000
16384	2598.840000
16384	2846.080000
16384	2614.800000
16384	2646.280000
16384	2545.640000
16384	2614.320000
16384	2654.280000
16384	2968.080000
16384	2501.880000
16384	2778.360000
16384	2696.720000
16384	2626.800000
16384	2461.920000
16384	2399.600000
16384	2651.520000
16384	2529.680000
16384	2931.240000
16384	2911.040000
16384	2574.000000
16384	2554.880000
16384	2643.560000
16384	2670.240000
16384	2443.600000
16384	2872.520000
16384	2642.600000
16384	2533.320000
16384	2641.600000
16384	2665.320000
16384	2659.000000
16384	2536.000000
16384	2584.120000
16384	2577.320000
16384	2501.120000
16384	2559.880000
16384	2504.720000
16384	2514.760000
16384	2682.520000
16384	2692.720000
16384	2649.840000
16384	2480.280000
16384	2529.160000
16384	2474.280000
16384	6509.280000
16384	2607.400000
16384	2657.760000
16384	2500.200000
16384	2646.720000
16384	2670.520000
16384	2595.960000
16384	2497.560000
16384	2534.160000
16384	2646.400000
Starting reads on all files
Waiting till all child processes complete..
Average time is 2678.324375
16384	2599.080000
16384	2496.960000
16384	4174.880000
16384	2882.040000
16384	2514.040000
16384	2587.320000
16384	2677.240000
16384	2538.800000
16384	2552.920000
16384	2568.160000
16384	2755.240000
16384	2922.080000
16384	2654.720000
16384	2721.920000
16384	2589.240000
16384	6724.600000
16384	2682.200000
16384	3396.160000
16384	2598.520000
16384	2677.720000
16384	2641.120000
16384	2719.440000
16384	6479.160000
16384	2799.480000
16384	2531.760000
16384	2563.160000
16384	2668.120000
16384	2646.600000
16384	2590.720000
16384	2458.400000
16384	2649.160000
16384	2579.240000
16384	2524.280000
16384	2437.360000
16384	2515.280000
16384	2505.760000
16384	2660.440000
16384	2770.600000
16384	6427.040000
16384	2616.640000
16384	2733.680000
16384	2683.200000
16384	2532.560000
16384	2762.960000
16384	2553.400000
16384	2434.920000
16384	2566.600000
16384	2549.320000
16384	2892.560000
16384	2546.640000
16384	2544.320000
16384	2613.360000
16384	2668.440000
16384	2669.080000
16384	2521.600000
16384	2706.680000
16384	2580.840000
16384	2606.200000
16384	2503.680000
16384	2624.440000
16384	2729.560000
16384	2473.480000
16384	2639.520000
16384	24106.680000
Starting reads on all files
Waiting till all child processes complete..
Average time is 3177.208125
16384	2538.440000
16384	6453.240000
16384	2687.240000
16384	2605.000000
16384	2656.720000
16384	2582.360000
16384	2650.840000
16384	2660.880000
16384	23774.240000
16384	2723.440000
16384	2493.120000
16384	2547.880000
16384	2515.000000
16384	2672.880000
16384	2662.760000
16384	2515.000000
16384	2756.560000
16384	3022.080000
16384	2642.200000
16384	2520.400000
16384	2443.600000
16384	2698.160000
16384	2835.840000
16384	2618.280000
16384	2557.080000
16384	2617.360000
16384	2647.880000
16384	2545.320000
16384	2887.040000
16384	2518.480000
16384	2951.560000
16384	2509.640000
16384	2670.480000
16384	2579.440000
16384	2486.680000
16384	2446.680000
16384	2461.800000
16384	2746.960000
16384	2678.360000
16384	2594.360000
16384	2551.000000
16384	2742.800000
16384	2502.120000
16384	2652.720000
16384	2615.040000
16384	2668.520000
16384	2664.360000
16384	2510.920000
16384	2610.400000
16384	2837.360000
16384	2567.560000
16384	2664.280000
16384	2678.280000
16384	2788.760000
16384	2884.800000
16384	2669.440000
16384	2647.280000
16384	2739.720000
16384	2695.160000
16384	2537.360000
16384	2695.640000
16384	2838.880000
16384	2648.520000
16384	43730.560000
Starting reads on all files
Waiting till all child processes complete..
Average time is 3676.824375
16384	2580.880000
16384	2725.360000
16384	2660.920000
16384	2602.640000
16384	2976.760000
16384	2720.280000
16384	2703.040000
16384	2890.160000
16384	2848.600000
16384	2687.760000
16384	2456.480000
16384	2647.080000
16384	2742.560000
16384	2608.960000
16384	2623.280000
16384	2704.240000
16384	2621.800000
16384	2527.320000
16384	2741.240000
16384	2585.080000
16384	2630.960000
16384	2513.960000
16384	2569.560000
16384	6642.640000
16384	2769.200000
16384	2610.360000
16384	2676.120000
16384	2551.680000
16384	2490.320000
16384	2725.520000
16384	2551.360000
16384	2647.280000
16384	2866.760000
16384	2670.640000
16384	2679.840000
16384	2584.280000
16384	2604.000000
16384	2544.440000
16384	2784.120000
16384	2618.240000
16384	2573.480000
16384	2743.760000
16384	2913.640000
16384	2740.360000
16384	2761.440000
16384	2731.360000
16384	2808.040000
16384	2794.520000
16384	2777.000000
16384	2715.040000
16384	2749.680000
16384	2695.000000
16384	2657.280000
16384	2726.280000
16384	2732.440000
16384	2740.960000
16384	2853.640000
16384	2588.520000
16384	36252.200000
16384	6558.000000
16384	2679.640000
16384	2700.520000
16384	2671.840000
16384	2674.560000
Starting reads on all files
Waiting till all child processes complete..
Average time is 3331.639375
16384	2648.960000
16384	2541.040000
16384	2493.000000
16384	3163.880000
16384	2576.320000
16384	2571.040000
16384	2511.440000
16384	2703.960000
16384	2619.440000
16384	2540.680000
16384	2549.280000
16384	2818.600000
16384	2942.120000
16384	2587.760000
16384	2450.080000
16384	2639.360000
16384	2489.880000
16384	2709.640000
16384	2699.960000
16384	2638.480000
16384	2513.520000
16384	2626.680000
16384	2604.560000
16384	2912.000000
16384	2679.800000
16384	2845.480000
16384	2678.360000
16384	2655.120000
16384	2807.320000
16384	2546.720000
16384	2933.120000
16384	2905.360000
16384	2791.600000
16384	2567.880000
16384	2693.160000
16384	2928.320000
16384	2637.560000
16384	2741.600000
16384	2729.600000
16384	2658.040000
16384	2743.240000
16384	2595.640000
16384	2660.840000
16384	2524.960000
16384	2586.720000
16384	2677.280000
16384	2567.400000
16384	2740.120000
16384	2623.440000
16384	2544.920000
16384	2529.360000
16384	2669.720000
16384	2539.240000
16384	2622.640000
16384	2728.160000
16384	2681.280000
16384	2632.080000
16384	2580.160000
16384	2637.800000
16384	2563.240000
16384	2648.400000
16384	2568.040000
16384	6615.920000
16384	2585.360000
Starting reads on all files
Waiting till all child processes complete..
Average time is 2722.135625
16384	2602.320000
16384	2460.640000
16384	2611.800000
16384	2736.880000
16384	2585.840000
16384	2527.200000
16384	2519.480000
16384	2497.760000
16384	2474.080000
16384	2554.880000
16384	2561.600000
16384	2524.320000
16384	2865.640000
16384	2960.120000
16384	2617.600000
16384	2466.200000
16384	6679.880000
16384	2621.960000
16384	2702.200000
16384	2905.440000
16384	2992.840000
16384	2695.960000
16384	6683.720000
16384	2869.880000
16384	2681.680000
16384	2505.120000
16384	2403.680000
16384	2678.120000
16384	2625.200000
16384	2592.280000
16384	2678.320000
16384	2846.760000
16384	2714.640000
16384	2468.200000
16384	2642.160000
16384	2527.560000
16384	2679.160000
16384	2679.240000
16384	2670.040000
16384	2456.960000
16384	2460.280000
16384	2599.400000
16384	2551.560000
16384	2577.800000
16384	2650.960000
16384	2721.080000
16384	2780.680000
16384	2629.960000
16384	2657.120000
16384	278428.600000
16384	177472.240000
16384	2684.920000
16384	2687.600000
16384	2518.280000
16384	2555.280000
16384	2787.560000
16384	2658.240000
16384	2643.640000
16384	2613.560000
16384	2571.520000
16384	2891.120000
16384	2635.280000
16384	2770.200000
16384	32760.880000
Starting reads on all files
Waiting till all child processes complete..
Average time is 10279.298750
16384	2662.680000
16384	2623.720000
16384	2547.040000
16384	2563.640000
16384	2606.480000
16384	2537.680000
16384	2586.360000
16384	2614.640000
16384	2508.120000
16384	2675.280000
16384	2404.160000
16384	2786.400000
16384	2674.560000
16384	2951.640000
16384	2930.840000
16384	2599.240000
16384	2611.640000
16384	2564.480000
16384	2561.440000
16384	3138.480000
16384	2710.480000
16384	2670.680000
16384	2500.760000
16384	2878.080000
16384	2508.720000
16384	2625.240000
16384	2672.400000
16384	2638.440000
16384	2585.960000
16384	2522.120000
16384	2659.160000
16384	2720.000000
16384	2575.560000
16384	2587.520000
16384	2562.080000
16384	2463.960000
16384	2586.160000
16384	2495.360000
16384	2531.600000
16384	2618.440000
16384	6368.800000
16384	2564.840000
16384	2862.560000
16384	2657.120000
16384	2660.600000
16384	2597.280000
16384	2502.640000
16384	2556.800000
16384	2664.240000
16384	2823.920000
16384	2667.840000
16384	168753.080000
16384	2624.280000
16384	48086.520000
16384	6620.480000
16384	2675.400000
16384	2705.360000
16384	2621.680000
16384	2791.360000
16384	2512.200000
16384	2969.600000
16384	2666.760000
16384	2754.560000
16384	2658.880000
Starting reads on all files
Waiting till all child processes complete..
Average time is 6072.313125
16384	2568.920000
16384	2561.880000
16384	2607.400000
16384	2624.880000
16384	2771.480000
16384	2661.640000
16384	2510.560000
16384	2662.600000
16384	2500.560000
16384	2454.840000
16384	2427.760000
16384	2542.560000
16384	2546.880000
16384	2662.320000
16384	2765.560000
16384	2495.200000
16384	2550.080000
16384	2660.560000
16384	2608.720000
16384	2483.880000
16384	2670.600000
16384	2536.760000
16384	2715.520000
16384	2567.960000
16384	2589.280000
16384	2733.480000
16384	2629.800000
16384	2625.120000
16384	2564.520000
16384	2639.920000
16384	2647.280000
16384	2659.560000
16384	2680.160000
16384	2537.840000
16384	2668.360000
16384	2815.200000
16384	2514.240000
16384	2676.120000
16384	2630.440000
16384	2491.400000
16384	2685.400000
16384	2717.960000
16384	2555.440000
16384	2699.880000
16384	2871.720000
16384	2606.720000
16384	2597.360000
16384	2477.480000
16384	2692.520000
16384	2543.360000
16384	2614.800000
16384	2640.560000
16384	2691.960000
16384	2685.880000
16384	2645.520000
16384	2674.360000
16384	2471.680000
16384	2722.880000
16384	2457.320000
16384	2711.520000
16384	2774.160000
16384	2606.880000
16384	2715.960000
16384	2679.240000
Starting reads on all files
Waiting till all child processes complete..
Average time is 2621.912500
16384	2773.160000
16384	2707.680000
16384	2556.160000
16384	2634.160000
16384	2896.000000
16384	2630.840000
16384	2644.000000
16384	2706.960000
16384	2574.600000
16384	2578.400000
16384	2644.480000
16384	2555.680000
16384	2473.640000
16384	2777.560000
16384	2666.640000
16384	2705.080000
16384	2686.280000
16384	2508.160000
16384	2678.600000
16384	2725.880000
16384	2530.040000
16384	2703.160000
16384	2680.000000
16384	2702.840000
16384	2589.760000
16384	2553.640000
16384	2719.640000
16384	2699.720000
16384	2997.080000
16384	2736.280000
16384	2624.920000
16384	3123.560000
16384	2594.000000
16384	2657.320000
16384	2635.360000
16384	2576.960000
16384	2530.080000
16384	2578.680000
16384	2959.280000
16384	2727.560000
16384	2780.160000
16384	2648.960000
16384	2720.360000
16384	2630.920000
16384	2689.520000
16384	2704.480000
16384	2583.880000
16384	2718.080000
16384	2551.160000
16384	2719.600000
16384	2561.160000
16384	2500.640000
16384	2493.480000
16384	2500.080000
16384	2662.520000
16384	2761.280000
16384	2810.280000
16384	2825.200000
16384	2974.200000
16384	2593.200000
16384	2645.000000
16384	2705.000000
16384	6818.480000
16384	67126.880000
Starting reads on all files
Waiting till all child processes complete..
Average time is 3746.380625
16384	2560.800000
16384	2870.000000
16384	2615.840000
16384	2649.280000
16384	2523.560000
16384	2670.240000
16384	2585.800000
16384	2754.800000
16384	2700.520000
16384	2783.960000
16384	2527.920000
16384	2695.280000
16384	6552.320000
16384	2959.000000
16384	3029.520000
16384	2527.440000
16384	41276.120000
16384	2444.960000
16384	3189.080000
16384	2646.160000
16384	2670.360000
16384	2575.560000
16384	2538.680000
16384	2647.960000
16384	2732.240000
16384	2649.400000
16384	2758.600000
16384	2549.200000
16384	2632.840000
16384	2595.400000
16384	2519.320000
16384	2901.720000
16384	2534.280000
16384	2582.120000
16384	2813.680000
16384	2679.280000
16384	2509.000000
16384	2677.800000
16384	2752.840000
16384	2594.120000
16384	2561.520000
16384	2512.080000
16384	2461.920000
16384	2744.280000
16384	2855.040000
16384	2536.520000
16384	2539.920000
16384	2658.840000
16384	2606.400000
16384	75584.080000
16384	2764.360000
16384	2518.400000
16384	2517.240000
16384	2575.160000
16384	2555.000000
16384	2727.720000
16384	2671.720000
16384	2584.360000
16384	2587.080000
16384	2709.200000
16384	2613.080000
16384	2688.680000
16384	2625.800000
16384	2834.480000
Starting reads on all files
Waiting till all child processes complete..
Average time is 4461.091875
16384	2664.360000
16384	2451.440000
16384	2705.240000
16384	2658.480000
16384	2608.440000
16384	2756.240000
16384	2881.160000
16384	2643.280000
16384	2502.160000
16384	2714.960000
16384	2671.720000
16384	2695.800000
16384	2549.880000
16384	2549.120000
16384	2530.680000
16384	2632.880000
16384	2502.400000
16384	2660.920000
16384	2558.520000
16384	2569.800000
16384	2661.560000
16384	2561.320000
16384	2611.200000
16384	2580.680000
16384	2615.680000
16384	2906.080000
16384	2606.880000
16384	2686.000000
16384	2665.080000
16384	2757.560000
16384	2642.560000
16384	2632.480000
16384	2652.840000
16384	2662.840000
16384	2773.000000
16384	16276.960000
16384	2694.200000
16384	2703.440000
16384	2644.440000
16384	2491.520000
16384	2709.800000
16384	2723.920000
16384	2610.000000
16384	2708.200000
16384	2658.160000
16384	2931.800000
16384	2609.680000
16384	2597.400000
16384	2584.160000
16384	2575.200000
16384	2546.880000
16384	2634.040000
16384	2700.480000
16384	2661.320000
16384	2674.320000
16384	2601.960000
16384	2624.640000
16384	2562.160000
16384	2589.680000
16384	2708.040000
16384	2707.120000
16384	2781.880000
16384	2737.480000
16384	10408.800000
Starting reads on all files
Waiting till all child processes complete..
Average time is 2984.076875
16384	2879.080000
16384	2507.080000
16384	2519.440000
16384	2605.040000
16384	2705.400000
16384	2536.280000
16384	2460.200000
16384	2557.320000
16384	2561.600000
16384	2629.040000
16384	2541.160000
16384	2803.960000
16384	2865.280000
16384	2412.000000
16384	6494.040000
16384	2673.320000
16384	2585.080000
16384	2941.680000
16384	2527.160000
16384	2821.560000
16384	2469.720000
16384	2687.040000
16384	2620.960000
16384	2663.080000
16384	2609.720000
16384	2633.120000
16384	2897.160000
16384	2924.080000
16384	2734.800000
16384	2556.960000
16384	2619.000000
16384	2817.680000
16384	2583.400000
16384	2438.920000
16384	2533.920000
16384	2597.960000
16384	2583.440000
16384	2622.880000
16384	2577.000000
16384	2562.960000
16384	2583.400000
16384	2605.960000
16384	2690.200000
16384	2573.280000
16384	2690.280000
16384	2589.720000
16384	2602.920000
16384	2635.680000
16384	2623.760000
16384	2706.040000
16384	2721.360000
16384	2495.320000
16384	2686.080000
16384	253351.880000
16384	2612.760000
16384	2641.560000
16384	2491.200000
16384	2509.680000
16384	2790.240000
16384	2574.240000
16384	2922.080000
16384	2686.440000
16384	2609.400000
16384	2542.280000
Starting reads on all files
Waiting till all child processes complete..
Average time is 6613.988750
16384	2760.360000
16384	6493.680000
16384	2604.640000
16384	2622.280000
16384	2625.400000
16384	6514.760000
16384	2635.760000
16384	2575.960000
16384	2720.760000
16384	2670.160000
16384	2957.200000
16384	2682.320000
16384	2950.160000
16384	2924.040000
16384	2714.840000
16384	2556.360000
16384	2525.120000
16384	2561.920000
16384	2496.600000
16384	2593.160000
16384	2757.200000
16384	2650.400000
16384	2637.840000
16384	2523.120000
16384	2540.840000
16384	2678.520000
16384	2464.960000
16384	2583.960000
16384	2585.720000
16384	2763.200000
16384	2787.360000
16384	2727.000000
16384	2632.680000
16384	6416.880000
16384	2777.560000
16384	2510.000000
16384	2704.320000
16384	6557.680000
16384	2693.840000
16384	2664.920000
16384	2688.080000
16384	2667.760000
16384	2713.480000
16384	2674.360000
16384	2675.160000
16384	2675.280000
16384	2714.760000
16384	2685.840000
16384	2602.120000
16384	2820.040000
16384	2686.920000
16384	3608.960000
16384	2700.640000
16384	2628.640000
16384	2701.840000
16384	2793.640000
16384	2582.760000
16384	2649.360000
16384	2632.840000
16384	2665.080000
16384	2649.480000
16384	2652.680000
16384	2671.960000
16384	2633.360000
Starting reads on all files
Waiting till all child processes complete..
Average time is 2922.164375
16384	2714.040000
16384	2884.160000
16384	9799.000000
16384	2740.960000
16384	2757.640000
16384	2523.040000
16384	2594.360000
16384	2360.560000
16384	2841.040000
16384	2667.880000
16384	2650.600000
16384	2475.800000
16384	2734.720000
16384	6472.280000
16384	2941.280000
16384	2890.000000
16384	2634.560000
16384	2667.080000
16384	2758.440000
16384	2894.040000
16384	2498.520000
16384	2505.920000
16384	2615.280000
16384	2715.760000
16384	2468.840000
16384	2628.040000
16384	2581.600000
16384	2466.720000
16384	2576.080000
16384	2629.840000
16384	2622.000000
16384	2523.400000
16384	2557.880000
16384	2658.040000
16384	2683.400000
16384	2676.520000
16384	2629.840000
16384	2765.080000
16384	2654.560000
16384	3191.000000
16384	2648.360000
16384	2586.360000
16384	2562.400000
16384	3030.920000
16384	2676.560000
16384	2701.480000
16384	2531.680000
16384	2720.520000
16384	2631.760000
16384	2672.680000
16384	2738.080000
16384	2626.280000
16384	2547.840000
16384	2528.680000
16384	2543.920000
16384	2756.160000
16384	2602.080000
16384	2600.600000
16384	2995.760000
16384	3141.720000
16384	2579.280000
16384	2812.960000
16384	2584.640000
16384	30841.800000
Starting reads on all files
Waiting till all child processes complete..
Average time is 3286.130000
16384	2655.160000
16384	2487.480000
16384	2519.800000
16384	2718.480000
16384	2875.560000
16384	2638.080000
16384	2641.160000
16384	2630.760000
16384	2648.480000
16384	2590.280000
16384	2573.640000
16384	2523.320000
16384	2683.560000
16384	2521.840000
16384	2399.840000
16384	2655.160000
16384	2671.160000
16384	2730.200000
16384	2669.160000
16384	2619.120000
16384	2658.320000
16384	2770.360000
16384	2855.400000
16384	2581.960000
16384	2512.840000
16384	2688.880000
16384	2683.720000
16384	2489.640000
16384	2562.480000
16384	2577.560000
16384	2656.640000
16384	2538.200000
16384	2613.840000
16384	2464.520000
16384	2494.520000
16384	2742.120000
16384	2679.680000
16384	2643.640000
16384	2706.360000
16384	2651.160000
16384	2653.320000
16384	2512.280000
16384	2819.720000
16384	2566.000000
16384	2532.560000
16384	2658.200000
16384	2638.880000
16384	2680.960000
16384	2935.920000
16384	2600.080000
16384	2549.880000
16384	2655.200000
16384	2976.080000
16384	2567.000000
16384	2666.920000
16384	2595.280000
16384	2669.560000
16384	2715.560000
16384	2493.440000
16384	2663.600000
16384	2548.960000
16384	2841.280000
16384	117668.480000
16384	2585.560000
Starting reads on all files
Waiting till all child processes complete..
Average time is 4434.668750
16384	6472.200000
16384	2561.440000
16384	2542.440000
16384	2585.760000
16384	2483.440000
16384	2526.760000
16384	2483.600000
16384	2678.520000
16384	9899.480000
16384	2639.320000
16384	2548.520000
16384	2689.240000
16384	2538.840000
16384	2702.320000
16384	2952.960000
16384	2459.520000
16384	2583.240000
16384	2536.560000
16384	2655.880000
16384	3166.120000
16384	2785.200000
16384	2629.200000
16384	6854.720000
16384	2921.720000
16384	2697.960000
16384	2635.360000
16384	2962.400000
16384	2608.720000
16384	2642.800000
16384	2643.040000
16384	2663.800000
16384	2664.600000
16384	2678.040000
16384	2494.440000
16384	2811.840000
16384	2520.520000
16384	2817.080000
16384	2500.960000
16384	2629.160000
16384	2630.600000
16384	2702.200000
16384	2559.320000
16384	2398.080000
16384	2683.400000
16384	2551.560000
16384	2554.080000
16384	2569.480000
16384	2551.800000
16384	2410.600000
16384	2715.160000
16384	2597.120000
16384	2639.520000
16384	2554.240000
16384	6507.520000
16384	2580.200000
16384	2572.800000
16384	2618.720000
16384	2723.040000
16384	2662.320000
16384	6578.440000
16384	2649.600000
16384	2741.360000
16384	2625.960000
16384	227435.880000
Starting reads on all files
Waiting till all child processes complete..
Average time is 6510.636250
16384	2830.760000
16384	2677.600000
16384	2517.240000
16384	2693.160000
16384	2685.680000
16384	2659.280000
16384	2578.000000
16384	2655.640000
16384	2625.920000
16384	2753.440000
16384	2698.320000
16384	2489.640000
16384	3008.680000
16384	3027.480000
16384	2671.400000
16384	2502.440000
16384	2450.840000
16384	2600.320000
16384	2486.160000
16384	2649.160000
16384	2646.680000
16384	2601.680000
16384	2676.440000
16384	2500.080000
16384	2506.200000
16384	2576.960000
16384	3274.080000
16384	2597.080000
16384	2769.560000
16384	2675.920000
16384	2493.000000
16384	2488.680000
16384	2434.600000
16384	2640.960000
16384	2629.400000
16384	2864.120000
16384	2648.240000
16384	2566.520000
16384	2657.400000
16384	2650.360000
16384	2622.160000
16384	2638.560000
16384	2757.040000
16384	2725.320000
16384	2762.640000
16384	2664.240000
16384	2706.240000
16384	2669.520000
16384	2873.360000
16384	2753.200000
16384	2722.560000
16384	2687.880000
16384	2632.040000
16384	2902.960000
16384	2678.520000
16384	2644.160000
16384	2667.280000
16384	2752.680000
16384	2690.040000
16384	2928.720000
16384	2691.440000
16384	2526.560000
16384	2654.400000
16384	2601.720000
Starting reads on all files
Waiting till all child processes complete..
Average time is 2673.630625
16384	2522.720000
16384	2919.400000
16384	6516.800000
16384	2645.720000
16384	2573.960000
16384	2575.480000
16384	2675.160000
16384	2668.120000
16384	10394.720000
16384	2538.240000
16384	2629.880000
16384	2518.520000
16384	2584.520000
16384	2789.240000
16384	2953.560000
16384	2519.640000
16384	2666.760000
16384	2487.160000
16384	2647.400000
16384	2647.120000
16384	2623.280000
16384	2925.760000
16384	2615.120000
16384	2732.760000
16384	2835.560000
16384	2607.120000
16384	2588.480000
16384	2512.320000
16384	2624.960000
16384	2564.360000
16384	2565.000000
16384	2616.040000
16384	2519.800000
16384	2728.680000
16384	2685.560000
16384	2626.200000
16384	6649.920000
16384	2578.720000
16384	2685.680000
16384	2608.960000
16384	2771.640000
16384	2662.120000
16384	2664.640000
16384	2696.280000
16384	2707.640000
16384	2769.760000
16384	2661.640000
16384	2588.160000
16384	2733.600000
16384	2839.320000
16384	2605.800000
16384	2618.480000
16384	2815.360000
16384	2502.880000
16384	2841.160000
16384	2568.520000
16384	2625.440000
16384	2666.400000
16384	2608.840000
16384	2529.240000
16384	2619.760000
16384	2583.600000
16384	2446.240000
16384	2561.400000
Starting reads on all files
Waiting till all child processes complete..
Average time is 2891.505000
