20480	3632.720000
20480	3567.680000
20480	3597.960000
20480	3868.800000
20480	3647.000000
20480	3758.920000
20480	3652.080000
20480	3634.680000
20480	3676.160000
20480	4112.400000
20480	3835.320000
20480	3592.600000
20480	3870.280000
20480	3626.320000
20480	3594.000000
20480	3750.560000
20480	3697.640000
20480	3656.800000
20480	3635.840000
20480	3675.360000
20480	3679.640000
20480	3636.800000
20480	4049.160000
20480	3604.440000
20480	3872.000000
20480	3690.720000
20480	3709.880000
20480	3706.120000
20480	3680.840000
20480	3923.400000
20480	3724.600000
20480	3725.560000
Starting reads on all files
Waiting till all child processes complete..
Average time is 3721.446250
20480	3698.440000
20480	3657.480000
20480	3605.200000
20480	3605.320000
20480	3620.080000
20480	3651.960000
20480	3709.160000
20480	3630.280000
20480	4215.640000
20480	3728.400000
20480	3611.840000
20480	3578.840000
20480	3617.360000
20480	3661.120000
20480	3622.880000
20480	3527.480000
20480	3631.400000
20480	3621.640000
20480	4397.200000
20480	3717.960000
20480	3574.560000
20480	3854.320000
20480	3840.600000
20480	3686.680000
20480	3811.320000
20480	3677.480000
20480	3682.640000
20480	3641.680000
20480	3720.960000
20480	3708.720000
20480	3784.000000
20480	3673.680000
Starting reads on all files
Waiting till all child processes complete..
Average time is 3711.447500
20480	3715.880000
20480	3704.440000
20480	3689.600000
20480	3732.280000
20480	3721.720000
20480	3698.800000
20480	3598.960000
20480	3871.920000
20480	3684.320000
20480	3705.680000
20480	3602.680000
20480	3841.040000
20480	3707.920000
20480	3705.240000
20480	3614.480000
20480	3853.600000
20480	3703.200000
20480	3651.160000
20480	4154.760000
20480	4042.240000
20480	3649.000000
20480	3630.760000
20480	3822.960000
20480	3624.880000
20480	3614.880000
20480	4091.720000
20480	3609.600000
20480	3672.000000
20480	3696.320000
20480	3612.440000
20480	3722.080000
20480	3769.840000
Starting reads on all files
Waiting till all child processes complete..
Average time is 3734.887500
20480	3642.960000
20480	3611.360000
20480	3625.520000
20480	3679.720000
20480	3697.720000
20480	3706.880000
20480	3658.440000
20480	3665.040000
20480	3681.880000
20480	3837.080000
20480	3604.520000
20480	3816.200000
20480	3666.920000
20480	3660.600000
20480	3601.120000
20480	3835.480000
20480	4054.880000
20480	4224.560000
20480	3549.960000
20480	7429.320000
20480	3719.320000
20480	3710.280000
20480	3831.440000
20480	3649.840000
20480	3786.160000
20480	3606.160000
20480	3724.800000
20480	3606.760000
20480	3552.440000
20480	3679.360000
20480	3702.360000
20480	3629.440000
Starting reads on all files
Waiting till all child processes complete..
Average time is 3826.516250
20480	3604.880000
20480	3611.200000
20480	3631.240000
20480	3708.960000
20480	3655.200000
20480	3608.440000
20480	3603.040000
20480	3630.880000
20480	3854.120000
20480	3872.240000
20480	3583.840000
20480	3618.080000
20480	3586.120000
20480	3867.680000
20480	3657.360000
20480	3691.560000
20480	3731.480000
20480	3614.960000
20480	3705.360000
20480	3740.160000
20480	3575.960000
20480	4073.440000
20480	3636.720000
20480	3804.040000
20480	3832.560000
20480	3618.760000
20480	3585.200000
20480	3677.120000
20480	3654.520000
20480	3659.560000
20480	3673.400000
20480	3731.040000
Starting reads on all files
Waiting till all child processes complete..
Average time is 3690.597500
20480	3639.200000
20480	4658.360000
20480	3632.640000
20480	20857.640000
20480	3647.920000
20480	3844.120000
20480	3690.840000
20480	3732.120000
20480	3760.800000
20480	3629.880000
20480	3627.560000
20480	3758.040000
20480	3802.960000
20480	3607.520000
20480	3626.240000
20480	3588.800000
20480	3704.800000
20480	3844.680000
20480	3571.760000
20480	3682.800000
20480	4066.600000
20480	3659.160000
20480	3683.280000
20480	3900.120000
20480	3686.600000
20480	3657.840000
20480	3689.600000
20480	3622.800000
20480	3616.480000
20480	3721.840000
20480	3629.200000
20480	3848.680000
Starting reads on all files
Waiting till all child processes complete..
Average time is 4271.590000
20480	3649.840000
20480	3669.440000
20480	3620.640000
20480	3569.760000
20480	3816.040000
20480	3628.440000
20480	4167.800000
20480	3590.360000
20480	3604.880000
20480	3597.720000
20480	3630.600000
20480	3746.680000
20480	3636.040000
20480	3723.480000
20480	3867.320000
20480	3847.160000
20480	3730.880000
20480	3597.080000
20480	3920.280000
20480	3730.160000
20480	3717.880000
20480	3671.160000
20480	3698.600000
20480	3698.680000
20480	4078.240000
20480	3662.600000
20480	193481.200000
20480	3567.280000
20480	3607.360000
20480	3695.160000
20480	3613.440000
20480	3653.600000
Starting reads on all files
Waiting till all child processes complete..
Average time is 9640.306250
20480	3606.760000
20480	3607.080000
20480	3654.720000
20480	3708.920000
20480	3776.000000
20480	3625.640000
20480	3653.960000
20480	3617.000000
20480	3713.480000
20480	3646.320000
20480	3612.080000
20480	3637.600000
20480	3829.920000
20480	3606.840000
20480	4049.360000
20480	3622.760000
20480	3913.400000
20480	3703.120000
20480	3671.480000
20480	3714.640000
20480	3692.480000
20480	3738.080000
20480	3718.040000
20480	3691.480000
20480	3709.520000
20480	3630.880000
20480	3810.520000
20480	3629.560000
20480	3738.360000
20480	3866.200000
20480	3624.440000
20480	3603.800000
Starting reads on all files
Waiting till all child processes complete..
Average time is 3700.763750
20480	3660.720000
20480	3626.800000
20480	3810.000000
20480	3844.520000
20480	3719.840000
20480	3669.680000
20480	3643.880000
20480	3620.520000
20480	3633.600000
20480	3668.320000
20480	3603.800000
20480	3626.240000
20480	3619.840000
20480	4050.080000
20480	3626.760000
20480	3603.840000
20480	3952.800000
20480	3626.760000
20480	3677.800000
20480	3659.880000
20480	3666.360000
20480	4068.480000
20480	3835.800000
20480	3832.920000
20480	3679.440000
20480	3703.400000
20480	3569.400000
20480	3650.640000
20480	3639.600000
20480	3700.240000
20480	3731.480000
20480	3671.720000
Starting reads on all files
Waiting till all child processes complete..
Average time is 3709.223750
20480	3794.080000
20480	3606.480000
20480	3655.480000
20480	3784.680000
20480	3720.120000
20480	3698.080000
20480	3701.200000
20480	3609.640000
20480	3645.960000
20480	3757.600000
20480	3631.040000
20480	3605.880000
20480	3621.680000
20480	3617.640000
20480	3722.760000
20480	3618.680000
20480	3560.240000
20480	3712.720000
20480	3844.880000
20480	3887.480000
20480	4067.960000
20480	3572.760000
20480	3631.280000
20480	3601.840000
20480	4216.400000
20480	3730.920000
20480	3712.880000
20480	3675.280000
20480	3667.480000
20480	3845.520000
20480	3684.960000
20480	3617.760000
Starting reads on all files
Waiting till all child processes complete..
Average time is 3713.167500
