20480	4015.880000
20480	3784.440000
20480	4142.160000
20480	3970.560000
20480	3896.400000
20480	3936.680000
20480	3688.800000
20480	3916.360000
20480	3698.680000
20480	3802.080000
20480	3741.320000
20480	3781.440000
20480	3715.000000
20480	3694.600000
20480	3978.240000
20480	3697.520000
20480	3842.240000
20480	3591.200000
20480	3703.880000
20480	3784.800000
20480	4039.840000
20480	4004.560000
20480	3795.720000
20480	3741.160000
20480	3806.440000
20480	3725.000000
20480	3893.160000
20480	3756.760000
20480	3702.600000
20480	3694.520000
20480	4086.480000
20480	3571.640000
20480	3654.400000
20480	3778.280000
20480	3777.120000
20480	3671.520000
20480	3819.840000
20480	3752.800000
20480	3693.920000
20480	3796.760000
20480	3719.840000
20480	3756.040000
20480	3710.280000
20480	3815.920000
20480	3682.640000
20480	3814.120000
20480	3655.760000
20480	3917.400000
20480	3714.120000
20480	3756.080000
20480	3874.520000
20480	3903.640000
20480	3923.960000
20480	4248.280000
20480	3715.280000
20480	3657.520000
20480	18936.120000
20480	3759.080000
20480	3775.280000
20480	3704.640000
20480	7561.600000
20480	116137.440000
20480	3769.680000
20480	3655.520000
Starting reads on all files
Waiting till all child processes complete..
Average time is 5848.586875
20480	3642.840000
20480	3664.080000
20480	3685.480000
20480	7509.560000
20480	3646.800000
20480	3824.720000
20480	3633.160000
20480	3713.920000
20480	3709.880000
20480	3761.880000
20480	3642.840000
20480	3612.960000
20480	3725.080000
20480	3721.120000
20480	3676.080000
20480	3756.880000
20480	3601.880000
20480	3820.000000
20480	3694.360000
20480	3703.160000
20480	3889.600000
20480	3710.840000
20480	3702.200000
20480	3688.040000
20480	4074.200000
20480	3632.440000
20480	3968.000000
20480	3819.800000
20480	3595.360000
20480	3866.680000
20480	3650.520000
20480	3633.120000
20480	3713.400000
20480	3678.800000
20480	3605.800000
20480	3682.880000
20480	3661.560000
20480	3628.440000
20480	3634.680000
20480	3626.600000
20480	4156.880000
20480	3896.280000
20480	3736.000000
20480	3821.320000
20480	87729.400000
20480	3775.400000
20480	3608.800000
20480	3855.200000
20480	3627.160000
20480	3689.240000
20480	3764.680000
20480	3682.840000
20480	3660.640000
20480	4065.360000
20480	3637.120000
20480	3606.240000
20480	3694.440000
20480	3622.040000
20480	3611.360000
20480	3667.680000
20480	3711.600000
20480	3605.360000
20480	3743.320000
20480	3700.320000
Starting reads on all files
Waiting till all child processes complete..
Average time is 5091.848750
20480	3647.600000
20480	3778.280000
20480	3729.720000
20480	3760.240000
20480	3726.480000
20480	3730.560000
20480	3608.680000
20480	3717.640000
20480	3694.920000
20480	3696.760000
20480	3740.440000
20480	3760.600000
20480	4046.600000
20480	3648.800000
20480	3621.200000
20480	3610.840000
20480	3744.120000
20480	3622.320000
20480	3622.960000
20480	3693.800000
20480	3876.680000
20480	3782.760000
20480	3676.000000
20480	3667.720000
20480	3721.040000
20480	3697.480000
20480	3741.320000
20480	3804.800000
20480	3652.520000
20480	3674.200000
20480	3935.960000
20480	3700.480000
20480	3669.480000
20480	3620.680000
20480	3906.760000
20480	3773.600000
20480	3797.000000
20480	3665.560000
20480	3800.560000
20480	3663.880000
20480	3792.560000
20480	3603.720000
20480	3699.960000
20480	3767.360000
20480	3726.160000
20480	3645.600000
20480	3610.480000
20480	3627.840000
20480	3688.320000
20480	3692.960000
20480	3638.800000
20480	3609.680000
20480	3637.880000
20480	3609.320000
20480	3600.200000
20480	3766.440000
20480	3671.520000
20480	3693.520000
20480	3811.040000
20480	3719.640000
20480	3728.520000
20480	3723.680000
20480	3833.960000
20480	7472.760000
Starting reads on all files
Waiting till all child processes complete..
Average time is 3771.921250
20480	3594.840000
20480	3626.200000
20480	3632.720000
20480	3652.360000
20480	3782.320000
20480	3673.000000
20480	3653.800000
20480	3899.200000
20480	3629.520000
20480	3643.960000
20480	3618.840000
20480	3649.400000
20480	4095.880000
20480	3831.520000
20480	3696.560000
20480	3696.320000
20480	3693.280000
20480	3694.800000
20480	3609.600000
20480	3906.440000
20480	3717.640000
20480	4130.360000
20480	3982.600000
20480	3801.600000
20480	3798.880000
20480	3713.600000
20480	3743.000000
20480	3705.240000
20480	3730.760000
20480	3693.920000
20480	3747.080000
20480	3661.040000
20480	3614.360000
20480	3707.400000
20480	4105.880000
20480	3642.680000
20480	3630.360000
20480	3796.440000
20480	3738.200000
20480	3808.960000
20480	3731.760000
20480	3883.320000
20480	3711.280000
20480	3701.760000
20480	3706.440000
20480	3700.720000
20480	3645.480000
20480	3635.160000
20480	3767.160000
20480	3686.400000
20480	3716.640000
20480	3720.280000
20480	3596.880000
20480	3773.240000
20480	3710.680000
20480	3670.640000
20480	3648.040000
20480	3723.960000
20480	4006.120000
20480	3603.400000
20480	3644.720000
20480	3634.920000
20480	3946.240000
20480	3738.160000
Starting reads on all files
Waiting till all child processes complete..
Average time is 3735.218125
20480	3667.520000
20480	3622.760000
20480	3701.320000
20480	3616.760000
20480	3618.640000
20480	3590.440000
20480	3741.440000
20480	3684.720000
20480	3578.200000
20480	3639.920000
20480	3685.480000
20480	3733.920000
20480	3665.920000
20480	3752.720000
20480	3727.480000
20480	3722.080000
20480	3732.680000
20480	3615.120000
20480	3771.560000
20480	3691.640000
20480	3731.880000
20480	3633.800000
20480	3573.720000
20480	3590.960000
20480	3838.720000
20480	3643.560000
20480	3646.240000
20480	3634.720000
20480	3682.840000
20480	3812.840000
20480	3645.840000
20480	7521.320000
20480	3727.720000
20480	3769.200000
20480	3689.360000
20480	3735.680000
20480	3717.800000
20480	3733.680000
20480	3713.320000
20480	3700.760000
20480	3697.840000
20480	3764.240000
20480	3807.120000
20480	3702.840000
20480	3638.600000
20480	3621.560000
20480	3647.440000
20480	3718.160000
20480	3781.560000
20480	3613.480000
20480	3658.560000
20480	4072.200000
20480	3815.960000
20480	3706.600000
20480	3738.640000
20480	3720.600000
20480	3843.040000
20480	3642.280000
20480	28440.440000
20480	426607.000000
20480	3669.720000
20480	152719.520000
20480	3940.080000
20480	3723.160000
Starting reads on all files
Waiting till all child processes complete..
Average time is 13087.420625
20480	3825.120000
20480	3612.080000
20480	3833.160000
20480	3664.280000
20480	3750.440000
20480	3722.160000
20480	3734.920000
20480	3645.920000
20480	3589.040000
20480	3611.120000
20480	3741.840000
20480	3598.760000
20480	3634.680000
20480	3596.840000
20480	4201.760000
20480	3708.200000
20480	3614.920000
20480	3817.920000
20480	3656.280000
20480	3651.840000
20480	3560.360000
20480	4079.200000
20480	3605.760000
20480	3697.240000
20480	4047.280000
20480	3844.760000
20480	3781.920000
20480	3603.680000
20480	4196.400000
20480	3696.280000
20480	3621.280000
20480	3593.520000
20480	3707.520000
20480	3605.400000
20480	4035.240000
20480	3797.840000
20480	3600.680000
20480	3669.760000
20480	3614.160000
20480	3636.680000
20480	3630.040000
20480	3794.360000
20480	4784.760000
20480	3717.520000
20480	3756.960000
20480	3863.320000
20480	3736.760000
20480	3740.160000
20480	3705.680000
20480	3712.640000
20480	3685.840000
20480	3687.840000
20480	4174.840000
20480	3642.840000
20480	3812.760000
20480	3693.880000
20480	3678.280000
20480	7411.760000
20480	3720.320000
20480	3664.080000
20480	3700.440000
20480	3682.480000
20480	3619.000000
20480	3801.160000
Starting reads on all files
Waiting till all child processes complete..
Average time is 3806.624375
20480	3646.880000
20480	3656.640000
20480	3760.000000
20480	3706.280000
20480	11833.520000
20480	3701.680000
20480	3711.640000
20480	3728.720000
20480	3663.160000
20480	3738.320000
20480	3633.440000
20480	3587.760000
20480	3587.920000
20480	3591.840000
20480	3745.320000
20480	3616.320000
20480	3601.800000
20480	4058.200000
20480	3734.600000
20480	3837.360000
20480	3837.600000
20480	3678.720000
20480	3671.320000
20480	3665.000000
20480	3582.480000
20480	3836.400000
20480	3700.360000
20480	3694.680000
20480	3751.120000
20480	3816.880000
20480	3632.240000
20480	3704.200000
20480	3697.640000
20480	3622.080000
20480	3599.080000
20480	4170.920000
20480	3588.440000
20480	3672.480000
20480	3855.800000
20480	4080.000000
20480	3626.480000
20480	3614.920000
20480	3622.160000
20480	7359.120000
20480	3599.320000
20480	3613.200000
20480	3690.600000
20480	3611.240000
20480	3642.520000
20480	3763.400000
20480	3822.080000
20480	3762.680000
20480	3684.600000
20480	3677.360000
20480	3835.600000
20480	3795.480000
20480	3604.040000
20480	3825.040000
20480	3683.480000
20480	3756.960000
20480	3791.040000
20480	3739.520000
20480	3716.240000
20480	3652.680000
Starting reads on all files
Waiting till all child processes complete..
Average time is 3898.259375
20480	3607.920000
20480	3640.360000
20480	3669.560000
20480	11841.480000
20480	3823.120000
20480	3707.960000
20480	3708.600000
20480	3736.520000
20480	3671.440000
20480	3741.160000
20480	3572.040000
20480	3724.480000
20480	3709.400000
20480	3832.480000
20480	3602.120000
20480	3532.920000
20480	3722.520000
20480	3708.040000
20480	4144.440000
20480	3719.680000
20480	3716.560000
20480	3561.720000
20480	3634.680000
20480	3612.120000
20480	3608.760000
20480	3909.200000
20480	4070.680000
20480	3755.320000
20480	3609.440000
20480	3636.200000
20480	3598.000000
20480	3619.480000
20480	3641.680000
20480	3766.600000
20480	3668.080000
20480	4383.360000
20480	3703.160000
20480	3668.640000
20480	3691.280000
20480	3724.160000
20480	3607.240000
20480	3797.280000
20480	3872.080000
20480	3704.560000
20480	3637.000000
20480	3735.920000
20480	3765.320000
20480	3594.920000
20480	3652.680000
20480	7371.960000
20480	3766.120000
20480	3703.560000
20480	3803.080000
20480	3718.440000
20480	3691.280000
20480	3775.840000
20480	3606.360000
20480	3848.360000
20480	4219.600000
20480	3669.240000
20480	3686.720000
20480	3696.920000
20480	4175.600000
20480	3687.040000
Starting reads on all files
Waiting till all child processes complete..
Average time is 3918.476250
20480	3616.280000
20480	3554.760000
20480	3689.840000
20480	3858.960000
20480	3716.400000
20480	3757.080000
20480	3787.440000
20480	3629.920000
20480	3637.320000
20480	3611.680000
20480	3609.440000
20480	3620.320000
20480	3620.480000
20480	3609.480000
20480	4068.200000
20480	3863.160000
20480	3704.640000
20480	3671.960000
20480	3636.200000
20480	3738.880000
20480	4062.400000
20480	3710.280000
20480	3696.400000
20480	7972.800000
20480	3666.200000
20480	3707.080000
20480	4066.840000
20480	3739.760000
20480	3618.960000
20480	3785.320000
20480	3606.160000
20480	3769.640000
20480	3661.160000
20480	3698.160000
20480	3693.240000
20480	3669.800000
20480	3809.960000
20480	3655.520000
20480	3883.480000
20480	7487.920000
20480	39990.840000
20480	3713.280000
20480	3711.640000
20480	3732.000000
20480	3616.000000
20480	3684.560000
20480	3610.120000
20480	3725.680000
20480	3782.280000
20480	7539.000000
20480	3680.880000
20480	3808.960000
20480	3609.440000
20480	3618.120000
20480	3600.840000
20480	3618.000000
20480	3681.560000
20480	3819.840000
20480	3608.040000
20480	4310.960000
20480	7331.520000
20480	7666.080000
20480	3674.520000
20480	3622.520000
Starting reads on all files
Waiting till all child processes complete..
Average time is 4589.378125
20480	3654.920000
20480	3602.920000
20480	3670.440000
20480	3799.280000
20480	3707.600000
20480	3678.360000
20480	3750.360000
20480	3637.120000
20480	3661.440000
20480	3873.560000
20480	3638.840000
20480	3617.040000
20480	3623.200000
20480	3633.840000
20480	4085.000000
20480	3689.640000
20480	3711.400000
20480	3678.320000
20480	3642.480000
20480	3681.720000
20480	3601.880000
20480	3733.040000
20480	3700.440000
20480	3754.560000
20480	3718.200000
20480	4028.800000
20480	3964.800000
20480	3691.440000
20480	3835.600000
20480	3712.400000
20480	3898.600000
20480	3592.800000
20480	3642.600000
20480	3992.840000
20480	3642.520000
20480	4061.040000
20480	3594.080000
20480	3871.440000
20480	3753.280000
20480	3621.680000
20480	3746.120000
20480	3612.600000
20480	3611.200000
20480	3927.400000
20480	3765.520000
20480	3667.440000
20480	3678.960000
20480	3620.880000
20480	3686.360000
20480	3664.280000
20480	3772.160000
20480	3672.080000
20480	3690.920000
20480	3643.280000
20480	3661.280000
20480	3606.720000
20480	3693.800000
20480	3795.120000
20480	3711.960000
20480	3703.920000
20480	3801.320000
20480	3650.720000
20480	7558.640000
20480	4692.400000
Starting reads on all files
Waiting till all child processes complete..
Average time is 3798.196875
20480	3783.080000
20480	3643.240000
20480	3818.040000
20480	3743.640000
20480	3867.120000
20480	3846.880000
20480	3754.920000
20480	3953.560000
20480	3755.040000
20480	3683.200000
20480	3625.600000
20480	3654.240000
20480	3709.120000
20480	3797.040000
20480	3745.200000
20480	3786.120000
20480	3767.560000
20480	3748.960000
20480	3724.680000
20480	3722.600000
20480	3671.920000
20480	3660.440000
20480	3687.240000
20480	3675.760000
20480	3637.120000
20480	3961.960000
20480	3764.960000
20480	3654.280000
20480	3747.880000
20480	3939.160000
20480	3781.160000
20480	3742.200000
20480	3849.000000
20480	3685.880000
20480	3745.320000
20480	4070.440000
20480	3735.360000
20480	3712.480000
20480	3714.440000
20480	3895.600000
20480	3775.480000
20480	3669.560000
20480	3786.440000
20480	3713.200000
20480	3857.680000
20480	4107.960000
20480	3687.480000
20480	3796.760000
20480	3806.240000
20480	4230.480000
20480	4140.920000
20480	3768.640000
20480	4117.480000
20480	3649.240000
20480	3833.960000
20480	3715.800000
20480	3735.640000
20480	3738.120000
20480	3692.000000
20480	3645.040000
20480	3711.800000
20480	3661.000000
20480	3761.600000
20480	3674.280000
Starting reads on all files
Waiting till all child processes complete..
Average time is 3777.175625
20480	3666.320000
20480	3635.240000
20480	3833.680000
20480	3711.240000
20480	3701.440000
20480	3645.440000
20480	3701.320000
20480	3778.320000
20480	3840.320000
20480	3620.240000
20480	3696.960000
20480	3622.920000
20480	3626.440000
20480	3781.720000
20480	3711.880000
20480	3641.680000
20480	3778.960000
20480	3700.360000
20480	3787.720000
20480	3703.440000
20480	3702.080000
20480	3821.760000
20480	3620.240000
20480	3752.960000
20480	3755.520000
20480	7492.520000
20480	3683.720000
20480	3561.600000
20480	4056.040000
20480	3724.720000
20480	3703.360000
20480	3800.520000
20480	3690.480000
20480	4062.680000
20480	3815.280000
20480	3670.360000
20480	3704.560000
20480	3684.440000
20480	3747.880000
20480	3769.800000
20480	3724.080000
20480	3624.160000
20480	3613.480000
20480	3617.560000
20480	3794.520000
20480	3617.680000
20480	3717.400000
20480	3619.520000
20480	3689.480000
20480	3833.760000
20480	3637.160000
20480	283670.600000
20480	3693.040000
20480	3722.440000
20480	3661.280000
20480	3737.360000
20480	3609.640000
20480	3612.080000
20480	3748.640000
20480	3610.560000
20480	3612.000000
20480	3614.040000
20480	3779.880000
20480	3698.680000
Starting reads on all files
Waiting till all child processes complete..
Average time is 8144.768750
20480	3689.200000
20480	3730.920000
20480	3598.800000
20480	20455.800000
20480	3651.840000
20480	3713.600000
20480	3842.120000
20480	3732.400000
20480	3718.360000
20480	3640.480000
20480	3692.360000
20480	3678.920000
20480	3651.840000
20480	3643.560000
20480	3746.080000
20480	3603.520000
20480	3624.960000
20480	4067.200000
20480	3699.760000
20480	3664.720000
20480	3690.960000
20480	3536.840000
20480	3641.080000
20480	3602.960000
20480	3704.280000
20480	3716.360000
20480	3680.080000
20480	4103.360000
20480	3608.440000
20480	3679.040000
20480	3609.840000
20480	3620.160000
20480	3697.600000
20480	3718.120000
20480	4090.960000
20480	3609.040000
20480	3611.200000
20480	3704.320000
20480	3699.320000
20480	3677.680000
20480	3704.120000
20480	3916.440000
20480	3813.640000
20480	3888.440000
20480	3613.880000
20480	3710.400000
20480	3606.040000
20480	3786.960000
20480	3860.280000
20480	3622.000000
20480	249788.200000
20480	3616.480000
20480	3755.000000
20480	3756.400000
20480	3716.640000
20480	3708.920000
20480	3846.800000
20480	3871.720000
20480	3619.320000
20480	3673.880000
20480	3831.880000
20480	3656.040000
20480	3705.280000
20480	13505.360000
Starting reads on all files
Waiting till all child processes complete..
Average time is 7975.346875
20480	3618.200000
20480	3619.520000
20480	3681.040000
20480	3847.400000
20480	3668.360000
20480	3643.480000
20480	3655.200000
20480	3743.560000
20480	3632.440000
20480	3652.120000
20480	3616.640000
20480	3602.840000
20480	3622.640000
20480	3714.800000
20480	3830.600000
20480	3628.440000
20480	3696.360000
20480	3717.000000
20480	3729.080000
20480	3705.640000
20480	3718.360000
20480	3702.720000
20480	3687.120000
20480	3766.120000
20480	3617.840000
20480	3764.520000
20480	4064.360000
20480	3700.360000
20480	3699.520000
20480	3879.600000
20480	3698.720000
20480	3690.800000
20480	3764.440000
20480	4037.440000
20480	3727.880000
20480	3588.800000
20480	3626.280000
20480	3611.560000
20480	3600.240000
20480	3570.480000
20480	3612.880000
20480	3607.880000
20480	3772.560000
20480	3703.440000
20480	3676.800000
20480	3663.240000
20480	3739.840000
20480	3813.920000
20480	3735.400000
20480	3617.560000
20480	3819.840000
20480	3716.160000
20480	3688.240000
20480	297800.440000
20480	3933.480000
20480	3768.960000
20480	3626.520000
20480	7320.600000
20480	3734.080000
20480	3569.000000
20480	4033.040000
20480	3649.840000
20480	3762.680000
20480	64138.800000
Starting reads on all files
Waiting till all child processes complete..
Average time is 9306.995625
20480	3606.360000
20480	3696.520000
20480	3640.760000
20480	3878.160000
20480	3745.720000
20480	3725.840000
20480	3831.560000
20480	3625.920000
20480	3708.600000
20480	3615.960000
20480	3648.600000
20480	3635.720000
20480	3755.320000
20480	4098.560000
20480	3573.560000
20480	3616.920000
20480	3625.440000
20480	4088.280000
20480	3701.680000
20480	3822.480000
20480	3593.840000
20480	3578.840000
20480	3546.600000
20480	3686.560000
20480	3641.040000
20480	3882.040000
20480	3747.400000
20480	3703.080000
20480	3680.480000
20480	3707.800000
20480	3827.840000
20480	3742.120000
20480	3613.680000
20480	3712.080000
20480	3700.680000
20480	3548.400000
20480	3632.400000
20480	4340.040000
20480	3624.320000
20480	3663.000000
20480	3683.840000
20480	3633.880000
20480	3657.640000
20480	3600.120000
20480	3738.440000
20480	3612.800000
20480	3629.240000
20480	3753.760000
20480	3675.000000
20480	3701.320000
20480	3685.800000
20480	3885.840000
20480	3600.000000
20480	3873.840000
20480	4183.480000
20480	3745.560000
20480	3774.800000
20480	4057.800000
20480	3618.560000
20480	3588.920000
20480	3687.200000
20480	3659.240000
20480	3907.480000
20480	20585.440000
Starting reads on all files
Waiting till all child processes complete..
Average time is 3989.909375
20480	3693.760000
20480	3622.840000
20480	3644.520000
20480	3607.640000
20480	27593.840000
20480	3656.320000
20480	3844.040000
20480	3711.720000
20480	3695.440000
20480	3726.840000
20480	3644.680000
20480	3645.560000
20480	3648.040000
20480	3719.440000
20480	3622.520000
20480	3603.240000
20480	3648.280000
20480	3751.760000
20480	3639.440000
20480	3675.240000
20480	3589.400000
20480	4080.440000
20480	3657.480000
20480	4069.280000
20480	3725.400000
20480	3726.920000
20480	3660.400000
20480	3778.960000
20480	4050.720000
20480	3800.480000
20480	3843.200000
20480	3657.600000
20480	3699.520000
20480	3719.640000
20480	3678.080000
20480	3674.680000
20480	3691.800000
20480	3664.360000
20480	4043.480000
20480	3632.800000
20480	3639.040000
20480	3614.680000
20480	7347.960000
20480	3765.280000
20480	3774.680000
20480	3662.920000
20480	3731.680000
20480	3808.360000
20480	3799.240000
20480	3630.840000
20480	3870.880000
20480	3807.800000
20480	3677.600000
20480	3853.960000
20480	3841.040000
20480	3593.440000
20480	255011.720000
20480	3741.480000
20480	3621.040000
20480	3695.440000
20480	3683.480000
20480	3636.720000
20480	3695.080000
20480	3632.520000
Starting reads on all files
Waiting till all child processes complete..
Average time is 8077.760625
20480	3789.560000
20480	3755.320000
20480	3642.280000
20480	3655.720000
20480	3693.840000
20480	3702.280000
20480	3693.280000
20480	3635.160000
20480	11690.080000
20480	3653.800000
20480	3711.360000
20480	3626.880000
20480	3621.880000
20480	3935.400000
20480	3554.120000
20480	3618.760000
20480	3834.160000
20480	3828.360000
20480	3705.720000
20480	3594.640000
20480	4059.080000
20480	3601.240000
20480	3790.440000
20480	3734.520000
20480	3723.760000
20480	4054.200000
20480	4018.240000
20480	3678.840000
20480	3676.400000
20480	3644.600000
20480	3615.120000
20480	7405.920000
20480	3734.680000
20480	3717.280000
20480	3599.080000
20480	3682.160000
20480	3532.440000
20480	3772.960000
20480	3718.080000
20480	3659.000000
20480	3598.480000
20480	3592.360000
20480	4041.360000
20480	4840.600000
20480	3600.320000
20480	3767.360000
20480	3827.800000
20480	3738.040000
20480	3683.240000
20480	3611.320000
20480	3944.920000
20480	3822.360000
20480	3605.840000
20480	3806.520000
20480	3624.960000
20480	432074.360000
20480	3603.360000
20480	3600.040000
20480	295951.320000
20480	3765.240000
20480	3713.080000
20480	3698.840000
20480	3670.440000
20480	3636.000000
Starting reads on all files
Waiting till all child processes complete..
Average time is 15174.668750
20480	3612.320000
20480	3615.360000
20480	3655.760000
20480	3687.200000
20480	12055.960000
20480	3804.280000
20480	3735.440000
20480	3699.080000
20480	3751.880000
20480	3622.800000
20480	3596.200000
20480	3587.720000
20480	3635.880000
20480	3715.520000
20480	3602.440000
20480	3613.400000
20480	3601.360000
20480	3607.400000
20480	3690.840000
20480	3608.680000
20480	3614.040000
20480	4049.080000
20480	3676.320000
20480	3826.920000
20480	3664.040000
20480	3885.760000
20480	3603.960000
20480	7345.720000
20480	3905.800000
20480	3681.880000
20480	3743.600000
20480	3928.440000
20480	3708.720000
20480	3754.120000
20480	3684.800000
20480	4075.440000
20480	3614.000000
20480	3610.600000
20480	3697.920000
20480	3798.000000
20480	7528.800000
20480	4067.960000
20480	3783.400000
20480	3627.400000
20480	3731.600000
20480	3643.040000
20480	3704.920000
20480	4029.200000
20480	3769.480000
20480	3595.000000
20480	3788.840000
20480	3619.600000
20480	3711.000000
20480	3719.720000
20480	3874.960000
20480	3720.520000
20480	3690.040000
20480	4354.520000
20480	3610.960000
20480	3706.520000
20480	3693.480000
20480	368564.560000
20480	191979.480000
20480	3692.040000
Starting reads on all files
Waiting till all child processes complete..
Average time is 12618.370625
20480	3630.200000
20480	3653.880000
20480	3667.240000
20480	3815.320000
20480	3753.800000
20480	11987.760000
20480	3744.680000
20480	3596.080000
20480	3638.680000
20480	3644.080000
20480	3634.400000
20480	4065.360000
20480	3715.640000
20480	3661.760000
20480	3698.120000
20480	3583.040000
20480	3946.120000
20480	3704.080000
20480	3693.240000
20480	3845.160000
20480	4018.600000
20480	3846.440000
20480	3730.760000
20480	3673.960000
20480	3661.000000
20480	3690.800000
20480	3895.000000
20480	3695.680000
20480	3687.880000
20480	3656.640000
20480	4281.080000
20480	3666.720000
20480	7426.840000
20480	3595.000000
20480	3609.000000
20480	3770.360000
20480	3709.880000
20480	3653.160000
20480	3684.480000
20480	3867.520000
20480	3797.440000
20480	3708.640000
20480	8619.240000
20480	3610.320000
20480	3620.040000
20480	3594.080000
20480	3817.960000
20480	3718.840000
20480	3730.800000
20480	3695.920000
20480	3784.240000
20480	3897.640000
20480	3866.200000
20480	3606.920000
20480	3592.440000
20480	3611.520000
20480	3624.840000
20480	3646.640000
20480	3645.240000
20480	3627.080000
20480	3535.960000
20480	3690.800000
20480	3603.400000
20480	3614.200000
Starting reads on all files
Waiting till all child processes complete..
Average time is 3980.622500
20480	3645.520000
20480	3687.680000
20480	3738.240000
20480	3817.800000
20480	3847.400000
20480	3911.240000
20480	3613.600000
20480	3667.680000
20480	3812.600000
20480	3591.720000
20480	3671.240000
20480	3705.400000
20480	3669.800000
20480	3687.760000
20480	3638.000000
20480	3780.040000
20480	3628.680000
20480	3707.640000
20480	3770.000000
20480	3633.520000
20480	3677.960000
20480	3670.600000
20480	4242.440000
20480	3785.800000
20480	7340.520000
20480	3611.360000
20480	3616.120000
20480	3717.400000
20480	3573.280000
20480	3765.440000
20480	3717.040000
20480	3680.960000
20480	3700.600000
20480	3695.720000
20480	3622.840000
20480	4282.120000
20480	4071.000000
20480	3617.080000
20480	3655.280000
20480	3589.600000
20480	3777.440000
20480	3808.920000
20480	3802.000000
20480	4019.480000
20480	3691.680000
20480	3970.360000
20480	3641.120000
20480	3627.800000
20480	3843.440000
20480	3605.800000
20480	3676.880000
20480	3590.160000
20480	3715.320000
20480	3661.560000
20480	3647.600000
20480	3686.600000
20480	3620.560000
20480	3679.040000
20480	4214.320000
20480	3685.640000
20480	3679.920000
20480	3705.840000
20480	3725.200000
20480	3607.640000
Starting reads on all files
Waiting till all child processes complete..
Average time is 3789.735000
20480	3718.640000
20480	3699.680000
20480	3632.040000
20480	3646.520000
20480	3696.400000
20480	3718.160000
20480	4226.080000
20480	7531.640000
20480	3733.960000
20480	3771.320000
20480	3675.280000
20480	3654.520000
20480	3781.240000
20480	3907.360000
20480	3715.880000
20480	3653.320000
20480	3528.280000
20480	3670.600000
20480	3929.720000
20480	3693.480000
20480	3858.280000
20480	3797.840000
20480	3774.000000
20480	3632.880000
20480	3862.560000
20480	3664.960000
20480	3778.360000
20480	7441.400000
20480	3720.680000
20480	4253.600000
20480	3784.480000
20480	3707.760000
20480	3810.600000
20480	3688.120000
20480	3704.800000
20480	3648.160000
20480	3859.440000
20480	3785.680000
20480	3733.760000
20480	3783.400000
20480	3719.800000
20480	3768.440000
20480	3753.240000
20480	3739.280000
20480	7640.120000
20480	3856.840000
20480	3702.960000
20480	7491.040000
20480	3790.240000
20480	4125.320000
20480	3783.400000
20480	3769.880000
20480	3705.000000
20480	3765.120000
20480	3689.040000
20480	3711.320000
20480	3659.960000
20480	3672.600000
20480	3715.080000
20480	3583.560000
20480	4404.480000
20480	3722.640000
20480	3751.720000
20480	3862.120000
Starting reads on all files
Waiting till all child processes complete..
Average time is 4004.032500
20480	3745.720000
20480	4256.000000
20480	3709.360000
20480	3661.200000
20480	3718.560000
20480	3670.960000
20480	3603.040000
20480	3667.960000
20480	4113.800000
20480	7438.120000
20480	3702.040000
20480	3609.680000
20480	3676.400000
20480	3681.600000
20480	4071.880000
20480	3770.960000
20480	3612.560000
20480	3742.120000
20480	3780.360000
20480	3713.360000
20480	3917.400000
20480	3719.440000
20480	3670.440000
20480	3634.840000
20480	3620.800000
20480	3661.760000
20480	3591.000000
20480	106022.240000
20480	3765.960000
20480	3628.080000
20480	3715.360000
20480	3633.960000
20480	3704.000000
20480	3627.000000
20480	3709.120000
20480	3742.480000
20480	3656.880000
20480	3851.880000
20480	3713.400000
20480	3665.040000
20480	3643.040000
20480	3830.800000
20480	3704.440000
20480	3622.440000
20480	3827.360000
20480	3870.600000
20480	3616.200000
20480	3700.880000
20480	3739.760000
20480	3606.440000
20480	3803.440000
20480	3622.720000
20480	3633.640000
20480	3748.320000
20480	3822.680000
20480	3845.080000
20480	3647.240000
20480	3814.480000
20480	3709.080000
20480	3696.360000
20480	3674.760000
20480	3631.320000
20480	3648.240000
20480	97753.680000
Starting reads on all files
Waiting till all child processes complete..
Average time is 6850.152500
20480	3639.680000
20480	3611.280000
20480	3681.560000
20480	3821.280000
20480	3673.240000
20480	3725.640000
20480	3764.320000
20480	3654.760000
20480	3613.280000
20480	3819.720000
20480	3612.200000
20480	3702.120000
20480	3857.880000
20480	3691.320000
20480	3677.000000
20480	3875.440000
20480	3796.560000
20480	3630.680000
20480	3698.400000
20480	3613.440000
20480	3642.080000
20480	3634.160000
20480	4055.120000
20480	3654.200000
20480	3720.320000
20480	4073.400000
20480	3781.240000
20480	3674.320000
20480	3831.480000
20480	3838.720000
20480	3695.800000
20480	3696.480000
20480	3587.480000
20480	3741.200000
20480	3620.840000
20480	3616.360000
20480	3596.720000
20480	3590.480000
20480	3612.280000
20480	3610.840000
20480	3628.680000
20480	3710.040000
20480	3751.800000
20480	3662.520000
20480	3604.640000
20480	3723.120000
20480	3689.920000
20480	3645.480000
20480	3607.120000
20480	3871.440000
20480	3699.640000
20480	3666.400000
20480	3776.160000
20480	3679.400000
20480	3699.160000
20480	4046.120000
20480	3742.000000
20480	4100.320000
20480	3809.520000
20480	3683.480000
20480	3650.200000
20480	3601.560000
20480	3745.520000
20480	3762.680000
Starting reads on all files
Waiting till all child processes complete..
Average time is 3718.597500
20480	3721.240000
20480	3833.640000
20480	3756.080000
20480	3713.120000
20480	3765.040000
20480	3732.040000
20480	3588.360000
20480	3676.680000
20480	3728.440000
20480	3618.000000
20480	3617.920000
20480	3614.160000
20480	3754.280000
20480	3619.520000
20480	3730.040000
20480	3627.080000
20480	3875.120000
20480	3738.880000
20480	3658.520000
20480	3661.400000
20480	3703.880000
20480	3654.640000
20480	3673.720000
20480	3930.920000
20480	3600.880000
20480	3601.720000
20480	3787.400000
20480	3759.280000
20480	3715.880000
20480	3814.480000
20480	7381.400000
20480	3801.920000
20480	3801.280000
20480	3600.200000
20480	192977.400000
20480	3677.400000
20480	3721.440000
20480	3725.560000
20480	3773.520000
20480	3697.200000
20480	3725.720000
20480	3677.200000
20480	3711.240000
20480	3688.440000
20480	3688.960000
20480	3593.760000
20480	3679.720000
20480	3783.560000
20480	4062.040000
20480	3745.240000
20480	3819.720000
20480	3726.160000
20480	3716.400000
20480	3748.840000
20480	3692.040000
20480	3754.760000
20480	4038.760000
20480	3815.480000
20480	3716.920000
20480	3694.280000
20480	3903.080000
20480	3708.280000
20480	3850.320000
20480	3814.840000
Starting reads on all files
Waiting till all child processes complete..
Average time is 6746.647500
20480	3644.080000
20480	3686.040000
20480	3844.080000
20480	3697.440000
20480	3762.480000
20480	12005.680000
20480	3726.960000
20480	3790.560000
20480	3609.040000
20480	3650.000000
20480	3712.760000
20480	3761.320000
20480	3631.320000
20480	3657.000000
20480	4054.800000
20480	3609.000000
20480	3828.760000
20480	3760.920000
20480	3627.120000
20480	3666.520000
20480	3608.840000
20480	3713.320000
20480	3697.840000
20480	3724.760000
20480	4174.840000
20480	3809.800000
20480	3678.400000
20480	3692.720000
20480	3594.800000
20480	3710.240000
20480	3702.280000
20480	3681.640000
20480	3753.080000
20480	3610.640000
20480	3603.760000
20480	3727.560000
20480	3617.600000
20480	3792.040000
20480	3722.840000
20480	3709.480000
20480	3674.680000
20480	3820.320000
20480	3710.320000
20480	3834.080000
20480	3677.280000
20480	3633.000000
20480	3656.000000
20480	3665.120000
20480	3569.720000
20480	3613.760000
20480	3767.240000
20480	3719.960000
20480	3699.400000
20480	3615.840000
20480	4026.760000
20480	3608.600000
20480	3754.600000
20480	4018.360000
20480	3821.440000
20480	3705.320000
20480	3719.840000
20480	3589.720000
20480	3589.440000
20480	3823.480000
Starting reads on all files
Waiting till all child processes complete..
Average time is 3849.478750
20480	3604.120000
20480	3763.480000
20480	3708.280000
20480	3680.320000
20480	3658.160000
20480	3640.000000
20480	3831.320000
20480	3631.040000
20480	3641.080000
20480	3630.320000
20480	3637.720000
20480	3707.480000
20480	3724.200000
20480	3645.000000
20480	3682.000000
20480	3631.000000
20480	3704.840000
20480	3711.520000
20480	4027.720000
20480	3747.320000
20480	3658.040000
20480	3679.120000
20480	3674.880000
20480	3727.360000
20480	3705.160000
20480	3808.760000
20480	3597.360000
20480	3637.160000
20480	3595.280000
20480	3791.080000
20480	3675.200000
20480	3699.560000
20480	3830.680000
20480	3719.560000
20480	3710.920000
20480	3757.520000
20480	3715.800000
20480	3717.840000
20480	3687.120000
20480	4097.640000
20480	3720.840000
20480	3955.800000
20480	3609.480000
20480	3704.120000
20480	3801.720000
20480	3765.360000
20480	3706.960000
20480	4028.800000
20480	3885.600000
20480	3701.160000
20480	3697.200000
20480	3571.160000
20480	3689.880000
20480	3660.400000
20480	3772.560000
20480	3591.840000
20480	3656.680000
20480	3632.520000
20480	3722.400000
20480	3727.560000
20480	3844.280000
20480	3634.280000
20480	3599.000000
20480	90397.760000
Starting reads on all files
Waiting till all child processes complete..
Average time is 5071.411250
20480	3710.440000
20480	3719.840000
20480	11817.840000
20480	3708.560000
20480	3650.160000
20480	4023.000000
20480	3713.320000
20480	3557.080000
20480	3690.840000
20480	3749.760000
20480	3803.280000
20480	3640.800000
20480	3622.200000
20480	3582.640000
20480	3630.680000
20480	3612.720000
20480	4083.880000
20480	3675.320000
20480	3879.400000
20480	3960.280000
20480	3636.680000
20480	3687.360000
20480	4077.320000
20480	3691.800000
20480	3609.080000
20480	3850.120000
20480	3693.400000
20480	3835.000000
20480	3733.240000
20480	3858.400000
20480	3727.920000
20480	3706.440000
20480	3603.840000
20480	3618.960000
20480	3654.400000
20480	3653.440000
20480	3601.200000
20480	3604.600000
20480	3600.480000
20480	3759.480000
20480	3638.640000
20480	3790.680000
20480	3646.840000
20480	3691.400000
20480	3813.960000
20480	3672.120000
20480	3812.280000
20480	3742.200000
20480	3718.400000
20480	3707.640000
20480	3709.080000
20480	3723.400000
20480	3644.760000
20480	295783.240000
20480	3585.680000
20480	3716.880000
20480	3756.360000
20480	3605.040000
20480	3627.520000
20480	4015.440000
20480	3693.960000
20480	3645.680000
20480	3921.760000
20480	110661.480000
Starting reads on all files
Waiting till all child processes complete..
Average time is 10083.744375
20480	3637.800000
20480	3733.520000
20480	3656.240000
20480	3825.240000
20480	3674.520000
20480	3701.280000
20480	3763.160000
20480	3675.080000
20480	3634.640000
20480	3622.960000
20480	3639.960000
20480	3751.800000
20480	3614.520000
20480	3680.320000
20480	3609.560000
20480	3633.840000
20480	3606.080000
20480	3608.880000
20480	3674.520000
20480	3721.600000
20480	3636.320000
20480	3824.040000
20480	3620.800000
20480	3745.040000
20480	4067.800000
20480	7682.600000
20480	3699.920000
20480	3704.720000
20480	3740.920000
20480	3690.400000
20480	3620.520000
20480	3743.520000
20480	3683.520000
20480	3689.920000
20480	3634.280000
20480	3717.280000
20480	3614.000000
20480	3641.280000
20480	4027.400000
20480	3775.400000
20480	3624.000000
20480	3609.960000
20480	3705.800000
20480	3621.880000
20480	3747.360000
20480	3697.000000
20480	3696.880000
20480	3708.600000
20480	3836.360000
20480	3616.000000
20480	3781.480000
20480	3848.800000
20480	3724.760000
20480	3629.800000
20480	3746.080000
20480	3656.240000
20480	3671.600000
20480	3760.280000
20480	3765.680000
20480	224933.280000
20480	124354.720000
20480	3612.440000
20480	3623.920000
20480	12302.960000
Starting reads on all files
Waiting till all child processes complete..
Average time is 9239.079375
20480	3760.160000
20480	3666.440000
20480	3796.680000
20480	3717.640000
20480	3733.960000
20480	3683.000000
20480	3638.720000
20480	3667.640000
20480	3619.160000
20480	3724.560000
20480	3596.800000
20480	3635.000000
20480	3627.560000
20480	3924.280000
20480	3596.040000
20480	3689.160000
20480	3943.280000
20480	3837.880000
20480	3625.400000
20480	3684.000000
20480	3604.240000
20480	3632.680000
20480	3876.920000
20480	3750.920000
20480	3683.120000
20480	3714.200000
20480	3701.400000
20480	4083.360000
20480	3821.440000
20480	3741.880000
20480	3696.240000
20480	3681.320000
20480	3682.880000
20480	3703.000000
20480	3622.040000
20480	3603.920000
20480	3655.320000
20480	4298.320000
20480	3759.800000
20480	3549.680000
20480	3681.400000
20480	3688.960000
20480	3645.520000
20480	3461.240000
20480	3787.880000
20480	3737.280000
20480	3837.080000
20480	3680.880000
20480	3688.280000
20480	3785.400000
20480	3638.200000
20480	3661.160000
20480	3835.680000
20480	3695.720000
20480	3629.720000
20480	3694.680000
20480	3606.000000
20480	3632.800000
20480	3668.960000
20480	3872.680000
20480	166278.520000
20480	3641.080000
20480	4258.800000
20480	3695.920000
Starting reads on all files
Waiting till all child processes complete..
Average time is 6263.029375
20480	3623.680000
20480	3624.200000
20480	3634.360000
20480	3639.080000
20480	3727.280000
20480	3612.640000
20480	3612.400000
20480	3640.160000
20480	3602.680000
20480	3630.400000
20480	4073.840000
20480	3787.040000
20480	3629.360000
20480	3597.760000
20480	3677.000000
20480	3848.800000
20480	3703.400000
20480	3718.920000
20480	4520.520000
20480	3709.840000
20480	3726.560000
20480	3594.600000
20480	4013.760000
20480	3690.920000
20480	3728.000000
20480	3873.160000
20480	3683.440000
20480	3908.080000
20480	3677.280000
20480	3710.960000
20480	3840.120000
20480	3644.200000
20480	3666.240000
20480	7368.320000
20480	3842.480000
20480	3731.640000
20480	3684.200000
20480	3564.400000
20480	3607.000000
20480	3598.160000
20480	71179.640000
20480	3709.320000
20480	3820.080000
20480	272994.040000
20480	3637.080000
20480	3638.760000
20480	3715.600000
20480	3705.360000
20480	4073.320000
20480	3687.960000
20480	3794.600000
20480	3729.280000
20480	3628.280000
20480	3643.520000
20480	3600.160000
20480	3641.680000
20480	3627.960000
20480	3618.840000
20480	3958.160000
20480	3737.280000
20480	3768.200000
20480	3652.800000
20480	3684.760000
20480	3695.280000
Starting reads on all files
Waiting till all child processes complete..
Average time is 9042.325625
