20480	3563.480000
20480	3657.560000
20480	3828.040000
20480	3788.120000
20480	3621.600000
20480	3757.760000
20480	3647.200000
20480	3604.080000
20480	3622.560000
20480	3573.960000
20480	3699.720000
20480	3578.720000
20480	3681.280000
20480	3610.280000
20480	3752.400000
20480	3656.360000
Starting reads on all files
Waiting till all child processes complete..
Average time is 3665.195000
20480	3612.360000
20480	3730.720000
20480	3647.920000
20480	3689.280000
20480	3661.800000
20480	3611.640000
20480	3662.200000
20480	3605.680000
20480	3861.600000
20480	3632.640000
20480	3753.720000
20480	3612.880000
20480	3720.280000
20480	3714.400000
20480	3710.960000
20480	3642.120000
Starting reads on all files
Waiting till all child processes complete..
Average time is 3679.387500
20480	3621.880000
20480	3618.040000
20480	3642.920000
20480	3608.520000
20480	3640.320000
20480	3629.040000
20480	3606.080000
20480	3708.440000
20480	3723.880000
20480	3655.600000
20480	3704.600000
20480	3613.160000
20480	3729.040000
20480	3844.560000
20480	3648.480000
20480	3741.840000
Starting reads on all files
Waiting till all child processes complete..
Average time is 3671.025000
20480	3615.040000
20480	3603.360000
20480	3673.800000
20480	3816.800000
20480	3711.920000
20480	3743.240000
20480	3674.440000
20480	3665.560000
20480	3626.320000
20480	3707.040000
20480	3634.880000
20480	3639.920000
20480	3818.400000
20480	3628.080000
20480	3627.920000
20480	3644.040000
Starting reads on all files
Waiting till all child processes complete..
Average time is 3676.922500
20480	3606.040000
20480	3611.280000
20480	3848.360000
20480	3695.520000
20480	3699.200000
20480	13131.640000
20480	3635.360000
20480	3632.280000
20480	3627.120000
20480	3760.320000
20480	3665.200000
20480	3562.800000
20480	3597.920000
20480	3653.880000
20480	3687.960000
20480	3608.360000
Starting reads on all files
Waiting till all child processes complete..
Average time is 4251.452500
20480	3766.800000
20480	3650.200000
20480	3652.200000
20480	3803.240000
20480	3686.800000
20480	3725.880000
20480	3724.400000
20480	3866.840000
20480	3610.760000
20480	3623.080000
20480	3651.360000
20480	3576.760000
20480	3626.760000
20480	3670.320000
20480	3839.280000
20480	3702.120000
Starting reads on all files
Waiting till all child processes complete..
Average time is 3698.550000
20480	3722.280000
20480	3621.440000
20480	3771.240000
20480	3661.880000
20480	3607.000000
20480	3645.160000
20480	3609.440000
20480	3656.240000
20480	3619.040000
20480	3645.920000
20480	3826.080000
20480	3709.040000
20480	3743.600000
20480	3680.240000
20480	3596.280000
20480	3647.080000
Starting reads on all files
Waiting till all child processes complete..
Average time is 3672.622500
20480	3653.320000
20480	3618.480000
20480	3670.880000
20480	3655.200000
20480	3659.680000
20480	3655.040000
20480	3611.720000
20480	3832.440000
20480	3738.920000
20480	3605.720000
20480	3693.920000
20480	3725.800000
20480	3730.640000
20480	3839.640000
20480	3674.840000
20480	3831.880000
Starting reads on all files
Waiting till all child processes complete..
Average time is 3699.882500
20480	3884.600000
20480	3693.520000
20480	3673.640000
20480	3932.080000
20480	3700.440000
20480	3742.600000
20480	3727.560000
20480	3653.920000
20480	3752.800000
20480	3608.240000
20480	3629.560000
20480	3630.600000
20480	3631.480000
20480	3724.160000
20480	3694.480000
20480	3640.200000
Starting reads on all files
Waiting till all child processes complete..
Average time is 3707.492500
20480	3787.120000
20480	3610.600000
20480	3666.080000
20480	3630.680000
20480	4305.600000
20480	3695.720000
20480	3663.400000
20480	3723.800000
20480	3680.440000
20480	3613.000000
20480	3718.760000
20480	3659.720000
20480	3726.080000
20480	3594.840000
20480	3629.920000
20480	119059.480000
Starting reads on all files
Waiting till all child processes complete..
Average time is 10922.827500
