20480	3617.320000
20480	3668.080000
20480	3683.200000
20480	3849.120000
20480	3657.320000
20480	3582.680000
20480	3665.360000
20480	3720.600000
20480	3660.800000
20480	3650.200000
20480	3882.120000
20480	3724.240000
20480	3652.880000
20480	3781.440000
20480	3731.120000
20480	3649.240000
20480	3759.720000
20480	3658.880000
20480	3631.120000
20480	3761.360000
20480	3840.640000
20480	3671.280000
20480	3685.840000
20480	3750.160000
20480	3853.680000
20480	3815.800000
20480	3748.440000
20480	3847.400000
20480	4119.200000
20480	3707.560000
20480	3727.800000
20480	3737.280000
20480	3642.720000
20480	3879.200000
20480	3977.200000
20480	3845.640000
20480	3754.320000
20480	3798.120000
20480	3654.000000
20480	3660.720000
20480	3724.960000
20480	3742.560000
20480	3852.880000
20480	3691.320000
20480	3773.080000
20480	3807.800000
20480	4119.760000
20480	3570.200000
Starting reads on all files
Waiting till all child processes complete..
Average time is 3749.715833
20480	3676.760000
20480	3633.000000
20480	3669.640000
20480	3661.360000
20480	3648.080000
20480	3634.560000
20480	3574.920000
20480	3872.840000
20480	3594.240000
20480	3767.080000
20480	3621.640000
20480	4080.520000
20480	3818.800000
20480	3691.680000
20480	3667.720000
20480	3701.080000
20480	3710.520000
20480	3760.840000
20480	3717.400000
20480	3816.320000
20480	3763.240000
20480	3847.960000
20480	3645.520000
20480	3703.000000
20480	3734.040000
20480	3627.720000
20480	3695.840000
20480	3666.240000
20480	3679.080000
20480	3603.520000
20480	4033.480000
20480	3670.720000
20480	3683.720000
20480	3740.320000
20480	4036.440000
20480	3727.120000
20480	3806.280000
20480	3912.280000
20480	3726.360000
20480	3707.760000
20480	3687.360000
20480	3746.280000
20480	3593.520000
20480	3644.000000
20480	3616.480000
20480	3625.960000
20480	3631.760000
20480	3692.360000
Starting reads on all files
Waiting till all child processes complete..
Average time is 3720.153333
20480	3641.960000
20480	3629.040000
20480	3728.520000
20480	3621.440000
20480	3663.200000
20480	3848.000000
20480	3744.480000
20480	3635.360000
20480	3633.120000
20480	3623.040000
20480	3598.240000
20480	4103.560000
20480	3660.960000
20480	3713.720000
20480	3671.480000
20480	3702.720000
20480	3678.840000
20480	4035.680000
20480	3925.120000
20480	3625.680000
20480	3722.280000
20480	3693.080000
20480	3711.480000
20480	3673.840000
20480	3722.800000
20480	4369.960000
20480	3599.760000
20480	3605.000000
20480	3989.240000
20480	3680.240000
20480	3693.280000
20480	3679.800000
20480	3730.040000
20480	3640.360000
20480	3677.240000
20480	3978.480000
20480	3731.760000
20480	7321.840000
20480	3632.480000
20480	3608.040000
20480	3761.680000
20480	3672.600000
20480	3596.920000
20480	3663.400000
20480	3701.120000
20480	3813.920000
20480	3681.960000
20480	48257.280000
Starting reads on all files
Waiting till all child processes complete..
Average time is 4731.125833
20480	3633.560000
20480	3628.960000
20480	3673.360000
20480	3818.520000
20480	3715.320000
20480	3715.320000
20480	3662.360000
20480	3717.600000
20480	3608.800000
20480	3657.400000
20480	3712.320000
20480	3600.840000
20480	3608.360000
20480	3651.760000
20480	3605.080000
20480	3621.720000
20480	4234.720000
20480	3698.800000
20480	3857.560000
20480	3627.160000
20480	3705.480000
20480	3656.160000
20480	3594.880000
20480	3521.640000
20480	3690.600000
20480	3697.440000
20480	4241.720000
20480	3793.560000
20480	3845.000000
20480	3704.000000
20480	3623.000000
20480	7333.920000
20480	3712.840000
20480	3623.000000
20480	3828.680000
20480	3659.920000
20480	3704.840000
20480	3634.920000
20480	199875.720000
20480	3859.680000
20480	3701.040000
20480	3704.120000
20480	3616.920000
20480	3831.280000
20480	3610.520000
20480	3614.440000
20480	7347.400000
20480	3694.960000
Starting reads on all files
Waiting till all child processes complete..
Average time is 7947.441667
20480	3649.160000
20480	3487.160000
20480	3650.840000
20480	3614.840000
20480	3717.520000
20480	3865.680000
20480	3721.720000
20480	3607.600000
20480	3665.120000
20480	3702.520000
20480	4272.280000
20480	3608.400000
20480	3683.160000
20480	4092.600000
20480	3683.240000
20480	3708.280000
20480	4055.440000
20480	3711.520000
20480	3606.960000
20480	3644.360000
20480	3765.280000
20480	3684.600000
20480	7401.640000
20480	3671.960000
20480	3616.600000
20480	3735.760000
20480	3609.240000
20480	3675.120000
20480	3708.320000
20480	3830.360000
20480	4103.520000
20480	3651.200000
20480	229712.400000
20480	3707.480000
20480	3742.280000
20480	3665.440000
20480	3629.080000
20480	3814.720000
20480	3607.280000
20480	3689.640000
20480	3661.360000
20480	4607.320000
20480	3695.040000
20480	3683.280000
20480	3618.320000
20480	3697.480000
20480	3892.040000
20480	3659.200000
Starting reads on all files
Waiting till all child processes complete..
Average time is 8526.757500
20480	3642.040000
20480	3593.960000
20480	3660.080000
20480	3834.280000
20480	3695.800000
20480	3705.800000
20480	3815.800000
20480	3621.880000
20480	3637.960000
20480	3573.680000
20480	3793.800000
20480	3593.560000
20480	3650.640000
20480	3712.200000
20480	3770.520000
20480	3628.960000
20480	3621.280000
20480	3612.640000
20480	3919.240000
20480	3731.160000
20480	3641.480000
20480	3957.160000
20480	3623.880000
20480	3653.600000
20480	3780.440000
20480	3669.480000
20480	3644.880000
20480	3610.560000
20480	3738.080000
20480	3623.240000
20480	3787.480000
20480	3633.600000
20480	3629.960000
20480	3735.880000
20480	3647.800000
20480	3831.880000
20480	3755.520000
20480	3729.880000
20480	3718.160000
20480	3723.800000
20480	3694.600000
20480	3645.400000
20480	3627.400000
20480	3574.000000
20480	3622.800000
20480	3633.120000
20480	3642.680000
20480	3757.320000
Starting reads on all files
Waiting till all child processes complete..
Average time is 3690.611667
20480	3761.720000
20480	3648.000000
20480	3720.560000
20480	3817.600000
20480	3730.000000
20480	3701.400000
20480	3903.760000
20480	3644.040000
20480	3699.120000
20480	3642.720000
20480	3604.720000
20480	3602.960000
20480	3628.200000
20480	4067.360000
20480	3611.200000
20480	3629.520000
20480	4073.280000
20480	3877.320000
20480	3839.840000
20480	3619.040000
20480	3742.760000
20480	3697.560000
20480	3604.880000
20480	3843.480000
20480	3695.280000
20480	3763.800000
20480	4042.080000
20480	3911.760000
20480	3685.520000
20480	3729.320000
20480	7557.960000
20480	3679.680000
20480	3696.600000
20480	3823.520000
20480	3833.320000
20480	3648.560000
20480	3631.640000
20480	3618.800000
20480	3629.000000
20480	7317.400000
20480	3757.720000
20480	3727.840000
20480	3635.480000
20480	3664.280000
20480	3943.880000
20480	3741.160000
20480	3614.280000
20480	3740.600000
Starting reads on all files
Waiting till all child processes complete..
Average time is 3891.677500
20480	3695.160000
20480	3704.960000
20480	3661.720000
20480	3826.040000
20480	3754.400000
20480	3731.440000
20480	4055.800000
20480	3759.600000
20480	3661.640000
20480	3720.480000
20480	3702.960000
20480	3600.520000
20480	3636.040000
20480	3618.640000
20480	4826.280000
20480	3640.720000
20480	3640.320000
20480	3818.040000
20480	3728.160000
20480	3604.640000
20480	3741.960000
20480	3879.760000
20480	3848.080000
20480	3592.480000
20480	3689.640000
20480	3721.480000
20480	3667.040000
20480	3614.560000
20480	3658.680000
20480	3959.000000
20480	3631.080000
20480	3716.840000
20480	3806.160000
20480	3656.560000
20480	3986.880000
20480	3956.000000
20480	3654.680000
20480	3738.720000
20480	3713.960000
20480	3714.960000
20480	3795.320000
20480	3735.640000
20480	3763.920000
20480	3653.600000
20480	3696.840000
20480	3706.720000
20480	3774.600000
20480	3887.920000
Starting reads on all files
Waiting till all child processes complete..
Average time is 3757.305000
20480	3729.120000
20480	3775.440000
20480	3602.040000
20480	3642.400000
20480	3730.920000
20480	7410.720000
20480	3646.600000
20480	3614.760000
20480	3732.920000
20480	3746.960000
20480	3819.640000
20480	3856.800000
20480	3625.720000
20480	3663.000000
20480	4172.800000
20480	3875.360000
20480	3721.360000
20480	3786.920000
20480	3663.280000
20480	3776.400000
20480	3719.920000
20480	4197.400000
20480	3664.400000
20480	3768.720000
20480	4082.000000
20480	3725.800000
20480	3851.720000
20480	3652.680000
20480	3703.080000
20480	3644.600000
20480	3844.520000
20480	3698.400000
20480	3721.960000
20480	3848.720000
20480	3729.120000
20480	3681.160000
20480	3701.960000
20480	3700.400000
20480	3612.400000
20480	3833.040000
20480	3752.960000
20480	3643.840000
20480	3628.880000
20480	3729.080000
20480	3672.520000
20480	3703.320000
20480	3769.160000
20480	156560.720000
Starting reads on all files
Waiting till all child processes complete..
Average time is 7009.075833
20480	3664.880000
20480	3614.080000
20480	3684.480000
20480	3596.560000
20480	4068.840000
20480	3772.640000
20480	3685.480000
20480	3796.840000
20480	7592.000000
20480	3728.880000
20480	3688.880000
20480	3729.480000
20480	3712.880000
20480	4264.880000
20480	3596.400000
20480	3611.400000
20480	3817.920000
20480	3626.200000
20480	3682.560000
20480	3727.680000
20480	3649.680000
20480	4051.360000
20480	3650.600000
20480	3764.120000
20480	3681.440000
20480	3605.840000
20480	3816.600000
20480	3671.280000
20480	3609.840000
20480	3604.600000
20480	3713.960000
20480	3591.440000
20480	3719.400000
20480	3718.680000
20480	3723.200000
20480	3680.600000
20480	3702.280000
20480	3648.880000
20480	3834.480000
20480	3688.840000
20480	3717.960000
20480	3716.720000
20480	3686.520000
20480	3730.000000
20480	3671.880000
20480	3709.560000
20480	3696.280000
20480	3752.280000
Starting reads on all files
Waiting till all child processes complete..
Average time is 3801.485000
20480	3727.080000
20480	3703.640000
20480	3732.640000
20480	3723.200000
20480	3620.480000
20480	3789.880000
20480	3841.400000
20480	3664.280000
20480	3680.720000
20480	3773.080000
20480	3687.400000
20480	3653.840000
20480	3848.760000
20480	3727.200000
20480	3627.120000
20480	3739.040000
20480	3717.000000
20480	3684.080000
20480	3746.920000
20480	3715.160000
20480	3708.160000
20480	4044.120000
20480	3630.040000
20480	3640.480000
20480	3574.920000
20480	3778.160000
20480	3849.280000
20480	3619.040000
20480	3551.400000
20480	3629.640000
20480	3849.120000
20480	3695.520000
20480	4224.160000
20480	3691.960000
20480	3768.680000
20480	3852.000000
20480	3597.280000
20480	3602.520000
20480	3726.280000
20480	3707.240000
20480	3601.280000
20480	3652.000000
20480	3875.920000
20480	3650.440000
20480	3702.200000
20480	3711.720000
20480	3623.840000
20480	3630.680000
Starting reads on all files
Waiting till all child processes complete..
Average time is 3720.645833
20480	3646.680000
20480	3653.520000
20480	3641.400000
20480	3665.000000
20480	3605.520000
20480	3739.960000
20480	3831.280000
20480	3581.360000
20480	3568.480000
20480	3692.640000
20480	4021.560000
20480	3648.680000
20480	4301.640000
20480	3628.760000
20480	3682.240000
20480	3655.720000
20480	4059.440000
20480	3832.320000
20480	3705.000000
20480	3619.040000
20480	3695.560000
20480	3788.760000
20480	3763.400000
20480	3676.120000
20480	3683.880000
20480	3757.400000
20480	7436.800000
20480	3713.120000
20480	3613.440000
20480	3862.480000
20480	3742.880000
20480	3591.920000
20480	3743.520000
20480	3764.720000
20480	3726.200000
20480	3610.200000
20480	3707.160000
20480	3805.880000
20480	3609.560000
20480	3628.080000
20480	3604.360000
20480	3763.560000
20480	3689.920000
20480	3728.160000
20480	3625.120000
20480	3695.760000
20480	3579.640000
20480	3583.400000
Starting reads on all files
Waiting till all child processes complete..
Average time is 3791.067500
20480	3620.320000
20480	3617.920000
20480	3660.920000
20480	3730.400000
20480	3692.840000
20480	3862.360000
20480	3698.880000
20480	3705.960000
20480	3857.000000
20480	3601.080000
20480	3692.960000
20480	3655.080000
20480	3699.840000
20480	3756.880000
20480	4168.680000
20480	3734.280000
20480	3627.800000
20480	3645.640000
20480	3590.560000
20480	3629.200000
20480	3792.760000
20480	3802.920000
20480	3759.160000
20480	3724.240000
20480	3852.640000
20480	3706.840000
20480	3719.440000
20480	151508.520000
20480	3778.040000
20480	3569.280000
20480	3685.240000
20480	3656.680000
20480	3849.880000
20480	3644.440000
20480	3767.120000
20480	3941.440000
20480	3727.240000
20480	3906.720000
20480	3608.200000
20480	3812.640000
20480	3637.800000
20480	3740.840000
20480	4482.200000
20480	3699.280000
20480	3686.160000
20480	3695.560000
20480	3726.720000
20480	7524.840000
Starting reads on all files
Waiting till all child processes complete..
Average time is 6901.155000
20480	3938.760000
20480	3674.200000
20480	3658.360000
20480	3615.400000
20480	3749.400000
20480	3714.480000
20480	3641.120000
20480	3651.840000
20480	3707.360000
20480	3695.640000
20480	3738.680000
20480	3623.520000
20480	3766.880000
20480	4111.360000
20480	3648.480000
20480	3689.520000
20480	3577.400000
20480	3659.360000
20480	3634.880000
20480	3659.760000
20480	3761.520000
20480	3778.600000
20480	3628.640000
20480	3600.880000
20480	4603.120000
20480	3675.160000
20480	3736.000000
20480	3757.440000
20480	3766.440000
20480	3660.880000
20480	3745.040000
20480	3715.520000
20480	3712.480000
20480	3713.920000
20480	3810.480000
20480	3625.960000
20480	3691.640000
20480	3681.960000
20480	3711.880000
20480	3752.720000
20480	3685.040000
20480	3779.080000
20480	7547.640000
20480	3721.360000
20480	3664.040000
20480	3648.960000
20480	3617.480000
20480	49490.440000
Starting reads on all files
Waiting till all child processes complete..
Average time is 4759.181667
20480	3728.440000
20480	3616.920000
20480	3649.440000
20480	3668.520000
20480	3759.720000
20480	3644.200000
20480	3639.840000
20480	3675.560000
20480	3712.000000
20480	3823.120000
20480	3556.840000
20480	3609.640000
20480	3603.440000
20480	3874.640000
20480	4204.720000
20480	3697.760000
20480	4053.960000
20480	4045.760000
20480	3797.880000
20480	3705.040000
20480	3701.040000
20480	3621.960000
20480	3723.120000
20480	3655.800000
20480	3595.640000
20480	3629.400000
20480	3714.480000
20480	3720.240000
20480	3816.600000
20480	4091.400000
20480	3672.160000
20480	3612.800000
20480	3693.120000
20480	3713.280000
20480	3631.000000
20480	3899.640000
20480	3748.200000
20480	3693.400000
20480	3670.280000
20480	3903.480000
20480	3690.280000
20480	3882.600000
20480	3774.400000
20480	3695.000000
20480	3644.080000
20480	3732.280000
20480	3699.920000
20480	3706.680000
Starting reads on all files
Waiting till all child processes complete..
Average time is 3737.494167
20480	3645.600000
20480	3600.920000
20480	3798.440000
20480	3727.440000
20480	4053.560000
20480	3665.120000
20480	3745.840000
20480	3666.800000
20480	3636.680000
20480	3757.600000
20480	3626.320000
20480	3623.960000
20480	3633.280000
20480	3692.360000
20480	3855.640000
20480	3602.240000
20480	3586.720000
20480	3697.120000
20480	3599.080000
20480	3575.520000
20480	7538.360000
20480	3666.400000
20480	3715.200000
20480	3723.960000
20480	3740.800000
20480	3715.360000
20480	3609.280000
20480	3685.440000
20480	3589.240000
20480	3787.960000
20480	3605.000000
20480	3652.200000
20480	3633.160000
20480	3702.880000
20480	3661.040000
20480	3637.360000
20480	3694.720000
20480	4096.680000
20480	3838.760000
20480	3706.160000
20480	3847.840000
20480	3668.040000
20480	3820.480000
20480	3629.560000
20480	3574.280000
20480	3604.880000
20480	3771.120000
20480	87296.560000
Starting reads on all files
Waiting till all child processes complete..
Average time is 5520.895000
20480	3685.720000
20480	3817.280000
20480	3670.680000
20480	3736.800000
20480	3760.400000
20480	3728.080000
20480	3644.360000
20480	3659.120000
20480	3629.720000
20480	3610.440000
20480	3593.760000
20480	3612.480000
20480	4080.160000
20480	3905.760000
20480	3687.680000
20480	3699.160000
20480	3637.800000
20480	3578.640000
20480	3703.520000
20480	3699.400000
20480	3863.160000
20480	3833.360000
20480	3662.960000
20480	3835.600000
20480	3691.520000
20480	3605.600000
20480	3691.560000
20480	3645.040000
20480	3647.120000
20480	3713.760000
20480	3807.480000
20480	3622.600000
20480	247883.320000
20480	3605.760000
20480	3688.040000
20480	3690.360000
20480	3633.520000
20480	4114.040000
20480	3594.840000
20480	3729.640000
20480	3764.200000
20480	3708.160000
20480	4029.760000
20480	3666.400000
20480	3709.320000
20480	3684.520000
20480	7669.960000
20480	3818.400000
Starting reads on all files
Waiting till all child processes complete..
Average time is 8890.645000
20480	3702.400000
20480	3677.040000
20480	3804.120000
20480	3578.560000
20480	11699.000000
20480	3763.480000
20480	3660.480000
20480	3621.360000
20480	3641.240000
20480	3651.800000
20480	3653.360000
20480	3625.760000
20480	3545.320000
20480	3602.600000
20480	3611.480000
20480	3622.960000
20480	3611.440000
20480	3638.760000
20480	4069.840000
20480	3690.360000
20480	3840.120000
20480	3877.560000
20480	3557.760000
20480	3664.920000
20480	3696.040000
20480	3617.840000
20480	3641.880000
20480	3664.120000
20480	3697.960000
20480	3694.400000
20480	3888.960000
20480	3855.080000
20480	3667.160000
20480	3643.200000
20480	3703.520000
20480	3711.040000
20480	3702.760000
20480	3707.120000
20480	3620.800000
20480	3673.800000
20480	3688.840000
20480	3646.080000
20480	3606.960000
20480	3608.560000
20480	3780.440000
20480	3609.360000
20480	3829.640000
20480	4063.760000
Starting reads on all files
Waiting till all child processes complete..
Average time is 3863.146667
20480	3643.840000
20480	3599.560000
20480	3662.360000
20480	3827.640000
20480	3739.760000
20480	3767.840000
20480	12087.120000
20480	3588.400000
20480	3625.480000
20480	3679.600000
20480	3666.160000
20480	3604.240000
20480	3589.760000
20480	3605.440000
20480	3598.920000
20480	3635.400000
20480	3607.280000
20480	3703.480000
20480	3683.600000
20480	3824.920000
20480	3803.560000
20480	3602.640000
20480	3665.960000
20480	3631.000000
20480	3821.160000
20480	3573.960000
20480	3853.600000
20480	3869.400000
20480	4092.360000
20480	3781.280000
20480	3695.120000
20480	3727.640000
20480	3742.040000
20480	3725.200000
20480	4356.760000
20480	3588.560000
20480	3653.040000
20480	3632.200000
20480	3617.080000
20480	3700.040000
20480	3692.520000
20480	3710.440000
20480	3633.160000
20480	277389.400000
20480	3631.720000
20480	3681.880000
20480	3684.840000
20480	4074.880000
Starting reads on all files
Waiting till all child processes complete..
Average time is 9591.088333
20480	3629.640000
20480	3641.480000
20480	3877.480000
20480	3612.760000
20480	7441.000000
20480	3919.320000
20480	3603.520000
20480	3701.240000
20480	3709.200000
20480	3714.880000
20480	3623.120000
20480	3588.920000
20480	3693.840000
20480	3583.480000
20480	3653.040000
20480	3607.880000
20480	3648.320000
20480	3617.560000
20480	7748.200000
20480	3802.680000
20480	3835.520000
20480	3676.480000
20480	3825.080000
20480	3671.280000
20480	3615.320000
20480	3654.280000
20480	3811.360000
20480	3701.680000
20480	3703.320000
20480	3713.440000
20480	4008.080000
20480	3835.600000
20480	3934.680000
20480	3602.760000
20480	3708.760000
20480	3703.840000
20480	3683.360000
20480	3610.640000
20480	3711.320000
20480	3670.720000
20480	3628.760000
20480	3711.360000
20480	3875.160000
20480	3684.520000
20480	3615.000000
20480	3616.920000
20480	3596.040000
20480	165421.920000
Starting reads on all files
Waiting till all child processes complete..
Average time is 7234.265833
