24576	4304.520000
24576	4338.760000
24576	4274.920000
24576	4184.160000
24576	4215.600000
24576	4134.240000
24576	4262.480000
24576	4202.040000
24576	4152.520000
24576	8036.680000
24576	4258.600000
24576	4193.840000
24576	4391.600000
24576	4203.080000
24576	4414.400000
24576	4456.240000
Starting reads on all files
Waiting till all child processes complete..
Average time is 4501.480000
24576	4351.520000
24576	4133.800000
24576	4267.200000
24576	4337.440000
24576	4362.080000
24576	4308.680000
24576	4267.160000
24576	4296.680000
24576	4337.960000
24576	4282.200000
24576	4313.040000
24576	4328.080000
24576	4292.520000
24576	4302.120000
24576	4302.000000
24576	4285.680000
Starting reads on all files
Waiting till all child processes complete..
Average time is 4298.010000
24576	4325.040000
24576	4224.480000
24576	4264.160000
24576	4256.160000
24576	4236.200000
24576	4232.080000
24576	4598.040000
24576	4228.200000
24576	8016.200000
24576	4322.560000
24576	4312.680000
24576	4270.400000
24576	4218.800000
24576	4210.080000
24576	4225.760000
24576	4176.240000
Starting reads on all files
Waiting till all child processes complete..
Average time is 4507.317500
24576	4246.920000
24576	4235.120000
24576	4253.480000
24576	4207.360000
24576	4228.240000
24576	4249.040000
24576	4237.000000
24576	4240.640000
24576	4233.960000
24576	4242.920000
24576	4233.000000
24576	4190.080000
24576	4249.240000
24576	4244.160000
24576	4285.280000
24576	4205.720000
Starting reads on all files
Waiting till all child processes complete..
Average time is 4236.385000
24576	4223.600000
24576	4253.440000
24576	4248.400000
24576	4217.920000
24576	4252.920000
24576	4211.920000
24576	4218.320000
24576	7961.480000
24576	4362.640000
24576	4317.920000
24576	4252.320000
24576	66540.880000
24576	4198.280000
24576	4252.280000
24576	4214.560000
24576	4228.960000
Starting reads on all files
Waiting till all child processes complete..
Average time is 8372.240000
24576	4289.120000
24576	4221.600000
24576	4231.720000
24576	4276.400000
24576	4255.520000
24576	4258.120000
24576	4318.720000
24576	4264.840000
24576	4191.720000
24576	4244.880000
24576	4226.000000
24576	4228.400000
24576	4253.400000
24576	4215.160000
24576	4216.160000
24576	4227.000000
Starting reads on all files
Waiting till all child processes complete..
Average time is 4244.922500
24576	4241.200000
24576	4237.640000
24576	4260.360000
24576	4254.800000
24576	4241.120000
24576	4215.120000
24576	4216.640000
24576	7983.520000
24576	4176.200000
24576	4222.400000
24576	4237.360000
24576	4217.720000
24576	4222.760000
24576	4217.400000
24576	4290.760000
24576	4384.000000
Starting reads on all files
Waiting till all child processes complete..
Average time is 4476.187500
24576	4263.760000
24576	4263.240000
24576	4222.160000
24576	4330.160000
24576	4338.480000
24576	4298.600000
24576	4292.720000
24576	4329.680000
24576	4307.440000
24576	4212.920000
24576	4214.040000
24576	4258.520000
24576	37648.920000
24576	4205.880000
24576	4377.040000
24576	4319.080000
Starting reads on all files
Waiting till all child processes complete..
Average time is 6367.665000
24576	4334.160000
24576	11800.000000
24576	4204.040000
24576	4238.920000
24576	4206.400000
24576	4223.280000
24576	4203.520000
24576	4229.840000
24576	4231.480000
24576	8056.160000
24576	4241.840000
24576	4232.440000
24576	4217.800000
24576	4219.720000
24576	4210.960000
24576	4224.880000
Starting reads on all files
Waiting till all child processes complete..
Average time is 4942.215000
24576	4252.760000
24576	4254.480000
24576	12709.800000
24576	4173.520000
24576	4228.960000
24576	7969.160000
24576	4210.360000
24576	4223.800000
24576	4327.120000
24576	4139.640000
24576	4222.560000
24576	4254.480000
24576	4256.240000
24576	4190.080000
24576	4196.080000
24576	4214.640000
Starting reads on all files
Waiting till all child processes complete..
Average time is 4988.980000
24576	4320.160000
24576	4266.640000
24576	4244.360000
24576	4190.280000
24576	4238.840000
24576	4069.440000
24576	4230.480000
24576	4303.360000
24576	4254.840000
24576	4241.480000
24576	4237.080000
24576	4393.600000
24576	4254.000000
24576	4208.560000
24576	4358.880000
24576	4215.400000
Starting reads on all files
Waiting till all child processes complete..
Average time is 4251.712500
24576	4211.480000
24576	4232.200000
24576	4235.760000
24576	4138.400000
24576	4236.920000
24576	4210.600000
24576	5023.600000
24576	4229.520000
24576	4269.800000
24576	4264.160000
24576	4232.360000
24576	4231.360000
24576	4213.960000
24576	4285.840000
24576	4213.760000
24576	4252.400000
Starting reads on all files
Waiting till all child processes complete..
Average time is 4280.132500
24576	4239.040000
24576	4224.520000
24576	4228.960000
24576	4213.440000
24576	4195.280000
24576	4244.680000
24576	4241.040000
24576	4167.400000
24576	4310.000000
24576	4222.480000
24576	4170.480000
24576	4225.840000
24576	4217.800000
24576	5095.320000
24576	4274.480000
24576	4211.120000
Starting reads on all files
Waiting till all child processes complete..
Average time is 4280.117500
24576	4222.880000
24576	4250.920000
24576	4227.520000
24576	4255.400000
24576	4239.520000
24576	8134.320000
24576	4333.560000
24576	4323.120000
24576	4332.880000
24576	4302.800000
24576	4242.080000
24576	4293.720000
24576	4201.320000
24576	4220.880000
24576	7971.400000
24576	40748.680000
Starting reads on all files
Waiting till all child processes complete..
Average time is 7018.812500
24576	4179.960000
24576	4511.800000
24576	4259.520000
24576	4221.280000
24576	4211.720000
24576	7937.480000
24576	4217.800000
24576	4342.560000
24576	4217.480000
24576	4228.920000
24576	4244.480000
24576	4207.240000
24576	4219.960000
24576	4263.680000
24576	4160.120000
24576	4242.680000
Starting reads on all files
Waiting till all child processes complete..
Average time is 4479.167500
24576	4281.640000
24576	4196.240000
24576	21320.080000
24576	7939.640000
24576	4210.760000
24576	4224.840000
24576	4235.560000
24576	4186.400000
24576	4280.280000
24576	4320.520000
24576	4209.920000
24576	4220.320000
24576	4190.680000
24576	4229.760000
24576	4235.440000
24576	4168.960000
Starting reads on all files
Waiting till all child processes complete..
Average time is 5528.190000
24576	4343.520000
24576	4225.880000
24576	4445.400000
24576	4326.120000
24576	4320.200000
24576	4325.960000
24576	7979.280000
24576	4226.800000
24576	4039.040000
24576	4214.800000
24576	4212.000000
24576	4474.080000
24576	4251.360000
24576	4244.000000
24576	4297.640000
24576	4201.320000
Starting reads on all files
Waiting till all child processes complete..
Average time is 4507.962500
24576	4348.160000
24576	4293.640000
24576	4585.920000
24576	4318.120000
24576	4298.880000
24576	4338.720000
24576	4365.720000
24576	4372.440000
24576	4442.200000
24576	4209.080000
24576	4337.720000
24576	4309.600000
24576	4347.400000
24576	4285.320000
24576	4217.560000
24576	4326.760000
Starting reads on all files
Waiting till all child processes complete..
Average time is 4337.327500
24576	4261.680000
24576	4352.240000
24576	4324.800000
24576	4312.680000
24576	4321.080000
24576	4313.760000
24576	4295.440000
24576	4332.680000
24576	4318.560000
24576	4297.280000
24576	4237.920000
24576	7972.560000
24576	4402.040000
24576	4206.760000
24576	4229.440000
24576	4232.440000
Starting reads on all files
Waiting till all child processes complete..
Average time is 4525.710000
24576	4259.040000
24576	4247.840000
24576	4229.280000
24576	4204.120000
24576	4214.920000
24576	4249.240000
24576	4238.440000
24576	4240.560000
24576	4281.440000
24576	4202.120000
24576	4211.760000
24576	4758.080000
24576	4228.960000
24576	4239.200000
24576	4249.600000
24576	4226.200000
Starting reads on all files
Waiting till all child processes complete..
Average time is 4267.550000
