24576	4345.080000
24576	4246.640000
24576	4236.120000
24576	4247.680000
24576	4216.920000
24576	4265.840000
24576	4261.560000
24576	4255.120000
24576	4173.920000
24576	4352.520000
24576	4255.680000
24576	4367.000000
24576	4197.680000
24576	4226.160000
24576	4365.960000
24576	4306.760000
24576	4692.160000
24576	4386.120000
24576	4320.800000
24576	4352.720000
24576	4737.600000
24576	4324.840000
24576	4393.440000
24576	4465.920000
24576	4359.080000
24576	4360.400000
24576	4246.120000
24576	4592.400000
24576	8322.080000
24576	4250.120000
24576	4271.040000
24576	4523.520000
24576	4313.000000
24576	4288.560000
24576	4312.000000
24576	4287.080000
24576	4629.600000
24576	4458.920000
24576	4420.320000
24576	4416.680000
24576	4361.120000
24576	4418.720000
24576	4927.280000
24576	4419.000000
24576	4201.680000
24576	4435.160000
24576	4354.320000
24576	4250.080000
Starting reads on all files
Waiting till all child processes complete..
Average time is 4446.094167
24576	4214.880000
24576	4637.480000
24576	4251.480000
24576	4262.800000
24576	4350.360000
24576	4297.120000
24576	12714.440000
24576	4229.920000
24576	4214.600000
24576	4160.360000
24576	4203.640000
24576	4253.160000
24576	4312.320000
24576	4235.680000
24576	4288.520000
24576	4318.800000
24576	4308.760000
24576	4289.640000
24576	4305.840000
24576	4263.920000
24576	4822.120000
24576	4474.920000
24576	4226.360000
24576	4357.840000
24576	4209.400000
24576	4273.200000
24576	5127.000000
24576	4309.040000
24576	4321.600000
24576	4419.880000
24576	4421.360000
24576	4307.040000
24576	4353.880000
24576	4656.000000
24576	4210.080000
24576	4541.640000
24576	4372.520000
24576	4260.680000
24576	4242.280000
24576	4286.720000
24576	221540.440000
24576	4283.520000
24576	4337.800000
24576	4313.160000
24576	4315.640000
24576	4280.160000
24576	4449.960000
24576	46452.200000
Starting reads on all files
Waiting till all child processes complete..
Average time is 9922.503333
24576	4228.520000
24576	8019.760000
24576	17049.520000
24576	4249.800000
24576	4298.640000
24576	4237.080000
24576	4257.800000
24576	4361.760000
24576	4190.840000
24576	4248.720000
24576	8076.440000
24576	4208.280000
24576	4248.120000
24576	4347.200000
24576	4228.200000
24576	4308.400000
24576	4194.640000
24576	4251.320000
24576	4220.640000
24576	4274.920000
24576	4434.520000
24576	4795.720000
24576	4300.760000
24576	4235.800000
24576	4229.440000
24576	4232.720000
24576	4214.640000
24576	4227.240000
24576	4397.440000
24576	4641.520000
24576	4322.360000
24576	4288.680000
24576	4370.800000
24576	4406.760000
24576	4239.640000
24576	4317.880000
24576	4280.120000
24576	4291.760000
24576	4452.080000
24576	4294.000000
24576	4324.840000
24576	4470.440000
24576	4281.800000
24576	4296.640000
24576	4291.520000
24576	4270.920000
24576	4328.720000
24576	103904.840000
Starting reads on all files
Waiting till all child processes complete..
Average time is 6805.087500
24576	4249.880000
24576	4241.760000
24576	4298.880000
24576	4279.000000
24576	4243.560000
24576	4254.320000
24576	4240.040000
24576	4304.200000
24576	4287.200000
24576	4250.400000
24576	4173.320000
24576	4275.800000
24576	4209.960000
24576	4294.200000
24576	4269.880000
24576	4251.320000
24576	4393.880000
24576	4261.760000
24576	4326.280000
24576	4368.720000
24576	4289.680000
24576	4267.240000
24576	4372.640000
24576	4501.520000
24576	4440.880000
24576	5367.800000
24576	4388.600000
24576	8048.480000
24576	4816.240000
24576	4271.800000
24576	4377.280000
24576	4353.000000
24576	4326.720000
24576	4415.200000
24576	4437.200000
24576	4406.560000
24576	4328.080000
24576	4684.400000
24576	4308.120000
24576	4294.240000
24576	233347.560000
24576	4609.520000
24576	4300.000000
24576	4351.280000
24576	4297.320000
24576	4245.000000
24576	4238.000000
24576	4182.800000
Starting reads on all files
Waiting till all child processes complete..
Average time is 9202.948333
24576	4247.360000
24576	4325.200000
24576	4195.360000
24576	4282.120000
24576	4366.200000
24576	38476.120000
24576	4241.040000
24576	4265.680000
24576	4319.120000
24576	4200.560000
24576	4203.720000
24576	4300.520000
24576	4297.600000
24576	4240.240000
24576	8594.520000
24576	4197.560000
24576	4342.400000
24576	4227.280000
24576	4478.720000
24576	4239.680000
24576	4199.280000
24576	4217.880000
24576	4401.840000
24576	4322.120000
24576	4247.520000
24576	4225.560000
24576	4303.880000
24576	4211.480000
24576	4212.680000
24576	4318.560000
24576	4302.320000
24576	14292.280000
24576	4345.440000
24576	4412.120000
24576	4333.680000
24576	4330.480000
24576	4245.920000
24576	4240.120000
24576	4299.560000
24576	8036.920000
24576	4226.120000
24576	4221.360000
24576	4221.880000
24576	4215.840000
24576	4434.560000
24576	4413.000000
24576	4349.360000
24576	4284.800000
Starting reads on all files
Waiting till all child processes complete..
Average time is 5373.074167
24576	4353.600000
24576	4399.880000
24576	4268.000000
24576	4346.720000
24576	4195.800000
24576	4888.160000
24576	4219.240000
24576	4212.040000
24576	4387.600000
24576	4209.440000
24576	4222.280000
24576	4217.480000
24576	4208.440000
24576	4250.400000
24576	4280.520000
24576	4223.920000
24576	4282.960000
24576	4252.240000
24576	4255.160000
24576	4267.800000
24576	4368.360000
24576	4309.640000
24576	4237.640000
24576	4226.920000
24576	4305.040000
24576	4269.960000
24576	4297.320000
24576	4390.680000
24576	4494.000000
24576	4247.000000
24576	4311.760000
24576	4354.680000
24576	4264.520000
24576	4328.200000
24576	4254.960000
24576	4335.000000
24576	4321.400000
24576	4311.160000
24576	4285.440000
24576	9170.520000
24576	4279.720000
24576	4597.240000
24576	4456.200000
24576	4439.120000
24576	4303.640000
24576	4224.080000
24576	4249.000000
24576	202045.360000
Starting reads on all files
Waiting till all child processes complete..
Average time is 8533.755000
24576	4342.240000
24576	4215.200000
24576	4273.640000
24576	4326.120000
24576	4276.840000
24576	4303.600000
24576	4279.840000
24576	4226.120000
24576	7998.920000
24576	4258.320000
24576	4238.000000
24576	4209.360000
24576	4207.640000
24576	4229.600000
24576	4209.880000
24576	4347.760000
24576	4207.400000
24576	4219.760000
24576	4198.920000
24576	4336.320000
24576	4336.600000
24576	4332.560000
24576	4194.640000
24576	4215.080000
24576	4322.360000
24576	4319.160000
24576	4326.320000
24576	4394.160000
24576	4223.880000
24576	4298.960000
24576	4342.000000
24576	4234.000000
24576	4184.560000
24576	4318.040000
24576	168682.880000
24576	4403.800000
24576	4428.640000
24576	4186.160000
24576	4695.280000
24576	4382.800000
24576	4423.960000
24576	4160.600000
24576	4475.440000
24576	7954.160000
24576	4276.080000
24576	7935.240000
24576	4622.560000
24576	19054.280000
Starting reads on all files
Waiting till all child processes complete..
Average time is 8263.118333
24576	4247.520000
24576	4250.280000
24576	4347.600000
24576	4234.680000
24576	4212.840000
24576	4308.720000
24576	4213.640000
24576	4185.440000
24576	8039.080000
24576	4272.800000
24576	4204.840000
24576	4497.480000
24576	4313.880000
24576	4234.520000
24576	4196.960000
24576	4167.920000
24576	4314.840000
24576	4224.320000
24576	4221.640000
24576	4309.920000
24576	4788.920000
24576	4686.400000
24576	4321.280000
24576	4331.840000
24576	4242.240000
24576	4219.880000
24576	4252.840000
24576	4174.160000
24576	4301.640000
24576	4326.280000
24576	4453.480000
24576	4309.480000
24576	4310.000000
24576	4599.200000
24576	4408.120000
24576	4274.960000
24576	4204.160000
24576	4436.040000
24576	4207.160000
24576	4328.800000
24576	4210.160000
24576	4293.040000
24576	4288.120000
24576	4268.080000
24576	4305.000000
24576	4369.040000
24576	4496.320000
24576	4324.960000
Starting reads on all files
Waiting till all child processes complete..
Average time is 4390.219167
24576	4402.000000
24576	4246.560000
24576	4435.400000
24576	4258.800000
24576	4256.440000
24576	4238.600000
24576	4220.120000
24576	4248.360000
24576	4215.600000
24576	4244.040000
24576	4208.320000
24576	4259.440000
24576	4204.040000
24576	4204.880000
24576	7951.600000
24576	4357.120000
24576	4236.000000
24576	4219.680000
24576	4232.280000
24576	4297.480000
24576	4240.160000
24576	4329.960000
24576	4210.800000
24576	4249.440000
24576	4203.880000
24576	4421.040000
24576	4481.120000
24576	4293.920000
24576	4249.000000
24576	4309.680000
24576	4233.440000
24576	4428.720000
24576	4218.120000
24576	4246.840000
24576	4304.960000
24576	4326.680000
24576	4220.760000
24576	4229.520000
24576	4309.760000
24576	4407.400000
24576	4465.080000
24576	4232.360000
24576	4232.720000
24576	4307.840000
24576	4220.560000
24576	4616.920000
24576	4959.560000
24576	4301.920000
Starting reads on all files
Waiting till all child processes complete..
Average time is 4378.935833
24576	4235.640000
24576	4304.840000
24576	4362.040000
24576	4240.680000
24576	4179.840000
24576	4270.200000
24576	4273.960000
24576	4379.280000
24576	4337.840000
24576	4340.160000
24576	4311.440000
24576	4279.440000
24576	4367.960000
24576	4428.920000
24576	5516.280000
24576	4384.360000
24576	4418.440000
24576	4510.240000
24576	4505.520000
24576	4349.120000
24576	4489.760000
24576	4335.680000
24576	4356.200000
24576	4303.960000
24576	4370.680000
24576	4391.040000
24576	4362.040000
24576	4603.720000
24576	4373.400000
24576	4501.320000
24576	4488.040000
24576	4301.440000
24576	4219.920000
24576	4381.120000
24576	4376.720000
24576	4264.240000
24576	4293.880000
24576	4303.040000
24576	4260.520000
24576	4351.000000
24576	4363.880000
24576	4325.120000
24576	4334.640000
24576	4291.600000
24576	4237.200000
24576	4463.320000
24576	4346.920000
24576	4435.200000
Starting reads on all files
Waiting till all child processes complete..
Average time is 4377.537500
24576	4601.160000
24576	4447.120000
24576	4447.480000
24576	4355.320000
24576	4391.280000
24576	4368.440000
24576	4364.400000
24576	4303.560000
24576	4380.720000
24576	4260.320000
24576	4205.920000
24576	4286.720000
24576	4248.840000
24576	4402.800000
24576	4445.720000
24576	4401.960000
24576	4486.040000
24576	4363.920000
24576	4374.560000
24576	4638.680000
24576	4452.440000
24576	4468.680000
24576	4387.520000
24576	4614.040000
24576	4401.040000
24576	4326.600000
24576	4450.480000
24576	4567.840000
24576	4554.600000
24576	4439.720000
24576	4435.720000
24576	4379.920000
24576	4347.960000
24576	4573.160000
24576	4413.120000
24576	4439.800000
24576	4773.960000
24576	4375.920000
24576	4399.080000
24576	4497.920000
24576	4431.360000
24576	4411.520000
24576	4372.360000
24576	4405.200000
24576	4341.840000
24576	4328.560000
24576	4476.720000
24576	4370.440000
Starting reads on all files
Waiting till all child processes complete..
Average time is 4421.093333
24576	4464.920000
24576	4415.000000
24576	4272.760000
24576	4309.960000
24576	4208.080000
24576	4331.680000
24576	4292.440000
24576	4237.000000
24576	4314.280000
24576	4538.200000
24576	4310.800000
24576	4518.320000
24576	4367.960000
24576	4312.200000
24576	4303.600000
24576	4254.120000
24576	4218.160000
24576	112480.200000
24576	4240.400000
24576	4371.120000
24576	4298.720000
24576	4222.680000
24576	5360.240000
24576	4374.240000
24576	4275.920000
24576	4610.160000
24576	4505.000000
24576	4423.560000
24576	4392.040000
24576	4470.040000
24576	4380.320000
24576	4287.880000
24576	4338.600000
24576	4275.400000
24576	4387.480000
24576	7964.240000
24576	4323.520000
24576	4297.760000
24576	4383.680000
24576	4211.680000
24576	4411.440000
24576	4294.000000
24576	4365.720000
24576	4278.920000
24576	4245.200000
24576	4377.840000
24576	4307.800000
24576	4205.680000
Starting reads on all files
Waiting till all child processes complete..
Average time is 6688.145000
24576	4342.840000
24576	4314.360000
24576	4222.880000
24576	4349.680000
24576	4302.160000
24576	4320.040000
24576	4298.200000
24576	4312.400000
24576	4217.200000
24576	7986.960000
24576	4224.000000
24576	4441.680000
24576	4314.240000
24576	4582.440000
24576	4327.360000
24576	4197.800000
24576	4487.760000
24576	4235.640000
24576	4285.600000
24576	4768.640000
24576	29207.400000
24576	4302.080000
24576	4239.240000
24576	4309.040000
24576	4228.000000
24576	4324.160000
24576	4281.920000
24576	4303.720000
24576	4269.880000
24576	4299.200000
24576	4271.480000
24576	4287.280000
24576	4232.120000
24576	4324.840000
24576	7949.960000
24576	4295.960000
24576	4343.640000
24576	4222.040000
24576	4258.560000
24576	4231.720000
24576	4336.280000
24576	4302.840000
24576	4307.040000
24576	4310.240000
24576	4244.480000
24576	4248.560000
24576	4318.120000
24576	4386.600000
Starting reads on all files
Waiting till all child processes complete..
Average time is 4982.672500
24576	4344.040000
24576	4254.880000
24576	8086.120000
24576	4340.560000
24576	4330.440000
24576	35437.760000
24576	4233.040000
24576	4227.680000
24576	7937.840000
24576	4219.280000
24576	4223.000000
24576	4187.680000
24576	4816.920000
24576	4285.520000
24576	4241.840000
24576	4394.600000
24576	4443.680000
24576	4261.400000
24576	4203.720000
24576	4483.640000
24576	4338.280000
24576	4209.760000
24576	4830.720000
24576	4307.640000
24576	4321.280000
24576	4649.640000
24576	4371.520000
24576	4380.800000
24576	4215.920000
24576	4323.680000
24576	4342.560000
24576	270748.440000
24576	4191.640000
24576	4217.200000
24576	4278.840000
24576	4304.800000
24576	4331.200000
24576	4333.880000
24576	4232.160000
24576	7927.240000
24576	4254.360000
24576	4243.280000
24576	4228.800000
24576	4362.040000
24576	4302.200000
24576	4205.360000
24576	4222.040000
24576	4283.560000
Starting reads on all files
Waiting till all child processes complete..
Average time is 10748.176667
24576	4249.800000
24576	4250.560000
24576	4318.680000
24576	4231.560000
24576	4372.320000
24576	4355.480000
24576	12880.840000
24576	4140.640000
24576	4229.000000
24576	4220.440000
24576	4357.440000
24576	4217.560000
24576	4221.840000
24576	4212.960000
24576	4228.080000
24576	4224.720000
24576	4261.120000
24576	4180.480000
24576	4234.080000
24576	4269.680000
24576	5054.320000
24576	4230.120000
24576	4249.440000
24576	4317.760000
24576	4435.240000
24576	4312.440000
24576	4304.640000
24576	4343.720000
24576	4211.080000
24576	4236.080000
24576	4752.640000
24576	4193.440000
24576	4312.120000
24576	4315.800000
24576	4222.600000
24576	4317.000000
24576	4420.200000
24576	4307.000000
24576	4558.880000
24576	7941.880000
24576	4246.200000
24576	4283.200000
24576	4526.560000
24576	4259.800000
24576	4250.920000
24576	4284.160000
24576	4317.840000
24576	4288.320000
Starting reads on all files
Waiting till all child processes complete..
Average time is 4565.639167
24576	4314.680000
24576	4312.920000
24576	13381.880000
24576	4338.560000
24576	4307.640000
24576	4481.280000
24576	30343.920000
24576	4207.880000
24576	4203.320000
24576	4244.880000
24576	4223.080000
24576	4214.760000
24576	4435.240000
24576	4231.800000
24576	4219.560000
24576	4434.440000
24576	4232.640000
24576	4333.280000
24576	4258.120000
24576	4213.400000
24576	4220.560000
24576	4298.840000
24576	4222.280000
24576	4236.640000
24576	4214.720000
24576	5027.560000
24576	4328.520000
24576	4363.720000
24576	4601.440000
24576	4328.720000
24576	4297.120000
24576	4235.120000
24576	4307.640000
24576	4311.760000
24576	4324.000000
24576	4594.560000
24576	4292.920000
24576	4342.280000
24576	4274.360000
24576	4215.240000
24576	56589.480000
24576	4233.040000
24576	4229.600000
24576	4285.600000
24576	4253.360000
24576	4202.680000
24576	5551.520000
24576	4234.880000
Starting reads on all files
Waiting till all child processes complete..
Average time is 6157.321667
24576	4435.840000
24576	4225.080000
24576	4251.240000
24576	4374.160000
24576	4233.880000
24576	4232.360000
24576	4265.040000
24576	4269.680000
24576	7947.120000
24576	4293.280000
24576	4204.520000
24576	4218.520000
24576	4246.680000
24576	4236.320000
24576	4331.200000
24576	4244.160000
24576	4201.640000
24576	4218.320000
24576	4311.520000
24576	4732.760000
24576	4209.760000
24576	4265.640000
24576	4436.960000
24576	4424.680000
24576	4812.760000
24576	4776.040000
24576	4305.680000
24576	4246.440000
24576	4324.480000
24576	4184.920000
24576	4219.000000
24576	4226.800000
24576	4308.760000
24576	4299.200000
24576	4205.120000
24576	4226.360000
24576	4312.200000
24576	4613.160000
24576	4412.720000
24576	4336.120000
24576	4239.680000
24576	4208.160000
24576	4206.080000
24576	4283.640000
24576	4364.760000
24576	4268.880000
24576	4331.120000
24576	4297.920000
Starting reads on all files
Waiting till all child processes complete..
Average time is 4392.090833
24576	4302.880000
24576	4357.320000
24576	4326.200000
24576	4515.040000
24576	4333.280000
24576	4372.560000
24576	4270.320000
24576	4449.200000
24576	4329.720000
24576	4322.040000
24576	4341.720000
24576	4330.520000
24576	4301.760000
24576	28415.680000
24576	4446.160000
24576	4294.040000
24576	4320.400000
24576	4553.680000
24576	4349.280000
24576	4386.720000
24576	4876.440000
24576	4296.880000
24576	4289.040000
24576	4420.080000
24576	4391.560000
24576	8193.120000
24576	4382.200000
24576	4435.840000
24576	4341.360000
24576	4460.560000
24576	4515.560000
24576	4300.520000
24576	4346.520000
24576	4523.960000
24576	4367.000000
24576	4393.360000
24576	4196.200000
24576	4288.680000
24576	4304.440000
24576	4453.880000
24576	4338.920000
24576	4309.880000
24576	4197.920000
24576	4606.720000
24576	4354.240000
24576	4221.160000
24576	4581.080000
24576	110406.120000
Starting reads on all files
Waiting till all child processes complete..
Average time is 7168.995000
24576	4337.280000
24576	4319.960000
24576	4367.640000
24576	4234.920000
24576	4775.600000
24576	4232.000000
24576	4277.760000
24576	4310.120000
24576	4589.000000
24576	4320.960000
24576	4322.520000
24576	4431.480000
24576	4494.240000
24576	4212.120000
24576	4382.080000
24576	4272.280000
24576	4199.520000
24576	4237.720000
24576	4196.000000
24576	4264.560000
24576	4263.280000
24576	4230.800000
24576	4235.000000
24576	4329.040000
24576	4217.120000
24576	7986.480000
24576	4213.360000
24576	4239.960000
24576	4237.360000
24576	4305.000000
24576	4284.480000
24576	4306.840000
24576	4384.120000
24576	4273.240000
24576	4204.720000
24576	4214.440000
24576	4317.880000
24576	4244.160000
24576	4414.000000
24576	4662.320000
24576	4320.400000
24576	4409.760000
24576	4341.880000
24576	4226.560000
24576	4186.800000
24576	4223.520000
24576	4218.400000
24576	4305.840000
Starting reads on all files
Waiting till all child processes complete..
Average time is 4386.969167
24576	4222.280000
24576	4239.680000
24576	4402.000000
24576	13455.320000
24576	4308.840000
24576	4322.760000
24576	4293.320000
24576	4266.000000
24576	4254.440000
24576	4307.040000
24576	4259.040000
24576	4215.800000
24576	4214.840000
24576	4217.360000
24576	4206.520000
24576	4219.560000
24576	4230.640000
24576	4272.680000
24576	4304.560000
24576	8044.640000
24576	4321.560000
24576	4336.720000
24576	4231.040000
24576	4237.760000
24576	8147.320000
24576	4772.360000
24576	8120.960000
24576	4330.320000
24576	4232.360000
24576	4243.280000
24576	4292.160000
24576	4251.040000
24576	4439.280000
24576	4354.560000
24576	4305.600000
24576	4449.400000
24576	4251.120000
24576	4607.960000
24576	5104.280000
24576	4403.160000
24576	4323.680000
24576	180446.600000
24576	4260.800000
24576	4237.560000
24576	4525.720000
24576	4230.920000
24576	4301.840000
24576	4314.080000
Starting reads on all files
Waiting till all child processes complete..
Average time is 8423.557500
