24576	4393.200000
24576	4218.440000
24576	4273.560000
24576	4234.280000
24576	4479.800000
24576	4273.960000
24576	4241.040000
24576	4280.120000
24576	4294.520000
24576	4300.840000
24576	4353.720000
24576	4368.840000
24576	4318.360000
24576	4292.520000
24576	4474.720000
24576	4387.320000
24576	4319.560000
24576	4387.960000
24576	4814.360000
24576	8129.640000
24576	4454.040000
24576	4526.880000
24576	4650.800000
24576	4376.160000
24576	4138.440000
24576	4158.840000
24576	4402.040000
24576	4308.320000
24576	4389.040000
24576	4681.560000
24576	4445.880000
24576	4575.880000
24576	4934.320000
24576	4461.320000
24576	4233.240000
24576	4313.720000
24576	4383.800000
24576	4316.720000
24576	4325.280000
24576	4329.680000
24576	4343.480000
24576	4374.040000
24576	4335.800000
24576	4262.840000
24576	4212.080000
24576	4450.360000
24576	4278.120000
24576	4343.320000
24576	4303.760000
24576	4423.520000
24576	4478.680000
24576	4306.920000
24576	4355.920000
24576	4215.440000
24576	4533.040000
24576	4315.920000
24576	4427.040000
24576	4370.720000
24576	4926.840000
24576	4414.760000
24576	4438.440000
24576	5172.080000
24576	4420.000000
24576	4430.680000
Starting reads on all files
Waiting till all child processes complete..
Average time is 4459.008125
24576	4323.400000
24576	4249.160000
24576	4243.920000
24576	4282.240000
24576	4274.080000
24576	4388.040000
24576	4296.080000
24576	4396.800000
24576	8039.280000
24576	4381.480000
24576	4277.960000
24576	4363.560000
24576	4312.120000
24576	4276.080000
24576	4237.640000
24576	4302.080000
24576	4358.160000
24576	4311.760000
24576	4415.200000
24576	4290.360000
24576	4567.280000
24576	4291.320000
24576	4338.120000
24576	4258.320000
24576	8000.680000
24576	4347.320000
24576	4666.680000
24576	4294.760000
24576	4216.600000
24576	4764.280000
24576	4316.160000
24576	4255.240000
24576	4367.080000
24576	4281.400000
24576	4297.480000
24576	4436.800000
24576	4341.160000
24576	4384.600000
24576	4286.480000
24576	4393.600000
24576	4304.320000
24576	4326.240000
24576	61949.920000
24576	4392.720000
24576	4330.600000
24576	4668.240000
24576	4277.680000
24576	4320.520000
24576	4485.600000
24576	4354.200000
24576	4507.680000
24576	4401.600000
24576	4335.680000
24576	4313.600000
24576	4355.000000
24576	4388.280000
24576	4305.520000
24576	4493.480000
24576	8001.920000
24576	4363.200000
24576	4439.400000
24576	4337.080000
24576	4364.120000
24576	4309.040000
Starting reads on all files
Waiting till all child processes complete..
Average time is 5428.912500
24576	4354.360000
24576	4255.960000
24576	4329.560000
24576	4319.320000
24576	8054.560000
24576	4299.920000
24576	4330.960000
24576	4461.240000
24576	4294.200000
24576	4199.320000
24576	4367.360000
24576	4356.600000
24576	4619.720000
24576	4394.320000
24576	4224.480000
24576	4317.640000
24576	4402.040000
24576	4355.960000
24576	4354.880000
24576	4238.520000
24576	7989.080000
24576	4354.240000
24576	4912.800000
24576	4199.240000
24576	4235.680000
24576	4568.760000
24576	4217.480000
24576	4319.600000
24576	4253.760000
24576	4225.560000
24576	4231.280000
24576	4242.000000
24576	8034.800000
24576	4300.280000
24576	4385.880000
24576	4371.880000
24576	4373.080000
24576	4522.080000
24576	4457.400000
24576	4347.440000
24576	4372.960000
24576	4380.640000
24576	4401.880000
24576	4345.320000
24576	4377.240000
24576	4234.240000
24576	8252.200000
24576	4384.080000
24576	4361.360000
24576	4469.240000
24576	4386.600000
24576	4335.040000
24576	4484.960000
24576	4368.840000
24576	4466.120000
24576	4301.680000
24576	4281.800000
24576	4274.160000
24576	4413.480000
24576	4304.160000
24576	4409.720000
24576	4239.160000
24576	4814.520000
24576	4272.160000
Starting reads on all files
Waiting till all child processes complete..
Average time is 4593.825000
24576	4334.120000
24576	4444.640000
24576	4409.840000
24576	4773.400000
24576	4329.080000
24576	4239.720000
24576	4298.920000
24576	21658.240000
24576	4248.440000
24576	4193.120000
24576	4287.600000
24576	4217.240000
24576	4473.280000
24576	4282.800000
24576	4249.760000
24576	4513.080000
24576	4247.480000
24576	4320.280000
24576	4274.200000
24576	4259.680000
24576	7935.880000
24576	4266.600000
24576	4402.360000
24576	4237.160000
24576	12689.560000
24576	4242.120000
24576	4281.000000
24576	4279.880000
24576	4297.640000
24576	4208.520000
24576	4259.320000
24576	4276.040000
24576	4342.240000
24576	4686.160000
24576	4319.200000
24576	4347.560000
24576	4305.080000
24576	4678.600000
24576	4304.560000
24576	4279.840000
24576	4352.760000
24576	4406.720000
24576	4191.240000
24576	4235.800000
24576	4272.600000
24576	4292.760000
24576	4265.440000
24576	4272.840000
24576	21550.640000
24576	4310.360000
24576	4364.680000
24576	4279.840000
24576	4327.240000
24576	4198.840000
24576	4369.760000
24576	4333.800000
24576	4235.120000
24576	4237.640000
24576	4353.760000
24576	4272.320000
24576	4335.480000
24576	4339.640000
24576	4545.880000
24576	4405.640000
Starting reads on all files
Waiting till all child processes complete..
Average time is 5053.828750
24576	4276.480000
24576	4398.840000
24576	4245.240000
24576	4183.840000
24576	4427.440000
24576	4195.840000
24576	4274.360000
24576	4585.600000
24576	4185.520000
24576	4256.600000
24576	4211.960000
24576	4195.080000
24576	4247.280000
24576	4329.840000
24576	4275.400000
24576	4243.160000
24576	4270.360000
24576	4589.160000
24576	4274.440000
24576	4225.440000
24576	4272.040000
24576	4358.880000
24576	4441.920000
24576	4307.880000
24576	4591.840000
24576	4222.120000
24576	4431.600000
24576	4400.240000
24576	4226.680000
24576	4285.920000
24576	4206.960000
24576	4274.360000
24576	4276.880000
24576	4212.720000
24576	4299.800000
24576	4186.240000
24576	4359.960000
24576	4268.760000
24576	4301.320000
24576	4873.840000
24576	4469.800000
24576	4290.920000
24576	8047.920000
24576	4310.440000
24576	4262.720000
24576	4407.120000
24576	4216.960000
24576	4429.240000
24576	4293.680000
24576	4302.560000
24576	4361.200000
24576	4513.360000
24576	4308.360000
24576	4413.880000
24576	4516.600000
24576	4378.840000
24576	4298.560000
24576	4386.800000
24576	4412.400000
24576	4406.920000
24576	4245.120000
24576	4406.040000
24576	4285.200000
24576	4243.600000
Starting reads on all files
Waiting till all child processes complete..
Average time is 4389.063750
24576	4334.280000
24576	4236.120000
24576	4323.920000
24576	4283.840000
24576	4334.360000
24576	4315.920000
24576	4291.800000
24576	4209.160000
24576	4201.200000
24576	4277.800000
24576	4185.600000
24576	4246.800000
24576	4428.760000
24576	4466.720000
24576	4304.680000
24576	4351.720000
24576	4222.320000
24576	4198.000000
24576	4260.680000
24576	4282.000000
24576	4300.480000
24576	4212.360000
24576	4305.800000
24576	4586.960000
24576	4342.880000
24576	4471.400000
24576	4302.760000
24576	4284.720000
24576	4307.240000
24576	4319.040000
24576	4299.640000
24576	4363.480000
24576	4205.280000
24576	4310.920000
24576	4344.680000
24576	14211.800000
24576	4277.320000
24576	209693.960000
24576	4342.280000
24576	4353.600000
24576	4293.120000
24576	4287.600000
24576	4263.520000
24576	4308.320000
24576	4350.760000
24576	4781.360000
24576	9106.680000
24576	4211.040000
24576	4342.400000
24576	4194.880000
24576	4324.560000
24576	4348.640000
24576	4304.440000
24576	4319.880000
24576	4322.920000
24576	4392.840000
24576	4539.880000
24576	4235.640000
24576	4190.360000
24576	4283.000000
24576	4265.520000
24576	4272.680000
24576	4269.320000
24576	4297.320000
Starting reads on all files
Waiting till all child processes complete..
Average time is 7751.546250
24576	4331.160000
24576	4397.800000
24576	4235.760000
24576	4370.680000
24576	4231.840000
24576	4295.960000
24576	4310.440000
24576	4217.880000
24576	4392.480000
24576	4314.720000
24576	4230.120000
24576	4324.000000
24576	4339.240000
24576	4187.920000
24576	4284.280000
24576	4355.800000
24576	4482.960000
24576	4327.280000
24576	4251.920000
24576	4621.320000
24576	4208.960000
24576	4205.800000
24576	4983.600000
24576	4215.880000
24576	4347.200000
24576	4204.920000
24576	4410.200000
24576	4563.240000
24576	4322.360000
24576	4331.880000
24576	4338.800000
24576	4237.960000
24576	4263.600000
24576	4285.720000
24576	4289.480000
24576	4325.520000
24576	4258.600000
24576	4305.000000
24576	4283.440000
24576	4266.560000
24576	4331.640000
24576	4372.920000
24576	4299.280000
24576	4231.440000
24576	4227.080000
24576	4251.360000
24576	4272.280000
24576	4215.080000
24576	4245.680000
24576	4339.680000
24576	4279.880000
24576	4281.360000
24576	4305.680000
24576	4241.480000
24576	4239.080000
24576	4234.400000
24576	4335.120000
24576	4218.080000
24576	4988.960000
24576	4356.720000
24576	4253.320000
24576	4375.400000
24576	4344.040000
24576	222584.320000
Starting reads on all files
Waiting till all child processes complete..
Average time is 7734.008750
24576	4451.600000
24576	4318.840000
24576	4432.880000
24576	4378.200000
24576	4437.640000
24576	4938.600000
24576	4452.600000
24576	4309.480000
24576	4925.880000
24576	4316.240000
24576	4273.600000
24576	4515.360000
24576	4250.440000
24576	4233.600000
24576	4383.040000
24576	7941.160000
24576	4313.160000
24576	4369.080000
24576	4302.280000
24576	4366.480000
24576	4399.760000
24576	4248.480000
24576	4221.560000
24576	5154.440000
24576	4368.280000
24576	4233.960000
24576	4574.680000
24576	4311.120000
24576	4588.840000
24576	4392.600000
24576	4216.240000
24576	4248.880000
24576	4242.080000
24576	4294.120000
24576	4350.600000
24576	4420.680000
24576	4354.000000
24576	4348.000000
24576	4277.480000
24576	4245.680000
24576	4358.400000
24576	4302.880000
24576	4355.640000
24576	4307.320000
24576	4326.400000
24576	4400.760000
24576	4313.920000
24576	4329.120000
24576	4309.280000
24576	4351.440000
24576	4243.480000
24576	4535.480000
24576	4273.520000
24576	4376.560000
24576	4286.640000
24576	4257.320000
24576	4283.160000
24576	4236.680000
24576	4290.800000
24576	4303.360000
24576	4708.760000
24576	4200.520000
24576	4388.480000
24576	129064.000000
Starting reads on all files
Waiting till all child processes complete..
Average time is 6378.211875
24576	4205.720000
24576	4248.640000
24576	4261.440000
24576	5023.160000
24576	4269.120000
24576	4256.520000
24576	21789.480000
24576	4365.000000
24576	4337.160000
24576	4331.760000
24576	4321.000000
24576	4324.880000
24576	4292.800000
24576	4320.800000
24576	4217.360000
24576	4413.480000
24576	4352.840000
24576	4455.400000
24576	4319.080000
24576	4458.600000
24576	4197.080000
24576	4274.400000
24576	4348.080000
24576	4403.200000
24576	4388.880000
24576	4367.200000
24576	4328.480000
24576	4284.120000
24576	4427.240000
24576	4314.440000
24576	4319.040000
24576	4380.040000
24576	4593.040000
24576	4396.560000
24576	4353.640000
24576	4660.400000
24576	4290.600000
24576	4439.800000
24576	4522.200000
24576	4265.400000
24576	4295.160000
24576	4414.200000
24576	4252.520000
24576	4428.320000
24576	4339.680000
24576	4276.880000
24576	4296.040000
24576	4336.840000
24576	4306.520000
24576	4374.440000
24576	4433.120000
24576	8040.760000
24576	4436.800000
24576	4460.320000
24576	4269.520000
24576	4365.600000
24576	4459.320000
24576	4390.720000
24576	4535.040000
24576	8159.040000
24576	4321.880000
24576	4441.160000
24576	4381.160000
24576	4442.040000
Starting reads on all files
Waiting till all child processes complete..
Average time is 4758.986875
24576	4457.640000
24576	4236.640000
24576	4207.680000
24576	4237.800000
24576	4238.560000
24576	4258.560000
24576	4285.880000
24576	4213.560000
24576	4225.080000
24576	4293.360000
24576	4255.080000
24576	4298.120000
24576	4274.600000
24576	4222.480000
24576	4153.280000
24576	4331.960000
24576	4245.440000
24576	4504.720000
24576	4341.840000
24576	4371.240000
24576	4229.160000
24576	4308.320000
24576	4374.760000
24576	4327.200000
24576	4165.920000
24576	4295.400000
24576	4433.120000
24576	4621.680000
24576	4251.160000
24576	4292.640000
24576	4272.560000
24576	4327.360000
24576	4327.200000
24576	4230.560000
24576	4308.040000
24576	4272.840000
24576	4228.520000
24576	4296.680000
24576	4277.160000
24576	4334.760000
24576	4291.840000
24576	4208.360000
24576	4419.520000
24576	4312.560000
24576	4540.280000
24576	4236.840000
24576	4246.720000
24576	4313.240000
24576	4360.920000
24576	4267.840000
24576	4281.000000
24576	4239.600000
24576	4237.240000
24576	4290.080000
24576	4296.600000
24576	8041.200000
24576	4262.560000
24576	4840.120000
24576	4202.040000
24576	4246.520000
24576	4894.640000
24576	4404.960000
24576	4223.280000
24576	4321.720000
Starting reads on all files
Waiting till all child processes complete..
Average time is 4372.003750
