24576	4314.440000
24576	4227.160000
24576	4267.960000
24576	4269.560000
24576	4270.480000
24576	4220.800000
24576	4186.880000
24576	4286.840000
24576	4341.560000
24576	4273.840000
24576	4320.280000
24576	4326.480000
24576	4422.000000
24576	4497.200000
24576	4665.120000
24576	4597.400000
24576	4602.080000
24576	4351.560000
24576	4409.840000
24576	4448.040000
24576	4352.000000
24576	4471.360000
24576	4297.880000
24576	4315.040000
24576	4288.320000
24576	4397.480000
24576	4262.600000
24576	4319.560000
24576	4643.160000
24576	4301.880000
24576	4219.400000
24576	4373.680000
Starting reads on all files
Waiting till all child processes complete..
Average time is 4360.683750
24576	4253.960000
24576	4295.760000
24576	4346.000000
24576	4214.600000
24576	4285.400000
24576	4342.840000
24576	4299.280000
24576	4344.960000
24576	4300.000000
24576	4270.560000
24576	4328.320000
24576	4228.640000
24576	4288.000000
24576	4250.240000
24576	4288.800000
24576	4498.400000
24576	4204.200000
24576	8024.480000
24576	4295.880000
24576	4301.040000
24576	4299.840000
24576	4330.240000
24576	4492.920000
24576	4273.000000
24576	8016.040000
24576	4407.000000
24576	4251.720000
24576	4222.320000
24576	4335.160000
24576	4305.000000
24576	4307.000000
24576	4673.200000
Starting reads on all files
Waiting till all child processes complete..
Average time is 4549.212500
24576	4310.920000
24576	4423.840000
24576	4327.680000
24576	4313.720000
24576	4356.240000
24576	4265.600000
24576	7955.000000
24576	4133.320000
24576	4339.520000
24576	4194.000000
24576	4271.120000
24576	4305.040000
24576	4237.320000
24576	4227.840000
24576	4205.840000
24576	4223.800000
24576	4427.880000
24576	4326.360000
24576	4242.880000
24576	4319.880000
24576	4780.760000
24576	4233.360000
24576	4503.960000
24576	4211.760000
24576	4236.240000
24576	4455.400000
24576	137253.160000
24576	4265.920000
24576	4219.600000
24576	4256.720000
24576	4239.160000
24576	7977.920000
Starting reads on all files
Waiting till all child processes complete..
Average time is 8688.805000
24576	4242.720000
24576	4228.840000
24576	4345.800000
24576	4238.600000
24576	4232.720000
24576	4339.400000
24576	4188.760000
24576	4302.000000
24576	4259.360000
24576	4347.920000
24576	4291.840000
24576	4299.600000
24576	4317.720000
24576	4221.840000
24576	4326.240000
24576	4299.880000
24576	4259.920000
24576	4291.040000
24576	4305.520000
24576	4289.800000
24576	4295.600000
24576	4314.320000
24576	4306.040000
24576	4300.120000
24576	4302.480000
24576	4358.320000
24576	4444.760000
24576	4469.320000
24576	4224.160000
24576	4309.120000
24576	4231.360000
24576	4210.720000
Starting reads on all files
Waiting till all child processes complete..
Average time is 4293.620000
24576	4248.480000
24576	4348.160000
24576	4340.080000
24576	4188.440000
24576	8026.880000
24576	4287.760000
24576	4212.600000
24576	4370.280000
24576	4362.880000
24576	4311.520000
24576	4381.840000
24576	4311.440000
24576	4304.160000
24576	4329.880000
24576	4396.480000
24576	4386.320000
24576	4301.360000
24576	4341.400000
24576	4328.160000
24576	4294.680000
24576	4357.240000
24576	4311.760000
24576	4405.320000
24576	4219.880000
24576	4345.840000
24576	4331.800000
24576	4487.760000
24576	4397.920000
24576	4436.480000
24576	4227.240000
24576	113094.040000
24576	4210.160000
Starting reads on all files
Waiting till all child processes complete..
Average time is 7840.570000
24576	4333.200000
24576	4304.000000
24576	4345.280000
24576	4410.520000
24576	4329.720000
24576	4452.440000
24576	4175.600000
24576	4315.400000
24576	4331.240000
24576	4272.200000
24576	4272.200000
24576	4279.720000
24576	4203.200000
24576	4462.040000
24576	4321.240000
24576	8060.400000
24576	4298.160000
24576	4340.800000
24576	4366.440000
24576	4349.280000
24576	4391.600000
24576	4254.480000
24576	4585.360000
24576	4351.840000
24576	4416.680000
24576	5034.360000
24576	4228.120000
24576	4302.040000
24576	4466.440000
24576	4338.240000
24576	7962.600000
24576	4139.000000
Starting reads on all files
Waiting till all child processes complete..
Average time is 4584.182500
24576	4241.520000
24576	4278.320000
24576	4310.720000
24576	4319.960000
24576	4307.240000
24576	8044.240000
24576	4297.760000
24576	4308.600000
24576	4295.320000
24576	4352.560000
24576	4304.520000
24576	4336.840000
24576	4324.960000
24576	4231.680000
24576	4369.960000
24576	4320.560000
24576	4355.600000
24576	4357.080000
24576	4361.960000
24576	4251.400000
24576	4315.320000
24576	4304.680000
24576	4343.520000
24576	4315.360000
24576	4225.040000
24576	4370.120000
24576	4383.440000
24576	4355.480000
24576	4494.200000
24576	4450.160000
24576	4242.000000
24576	4344.720000
Starting reads on all files
Waiting till all child processes complete..
Average time is 4441.088750
24576	4303.080000
24576	4310.040000
24576	4332.320000
24576	4306.680000
24576	4241.440000
24576	4199.400000
24576	4210.280000
24576	4224.120000
24576	4263.240000
24576	4296.800000
24576	8016.280000
24576	4197.760000
24576	4444.680000
24576	4215.920000
24576	4218.240000
24576	4187.800000
24576	4236.560000
24576	4278.480000
24576	4360.000000
24576	4424.880000
24576	4501.640000
24576	4432.240000
24576	4312.360000
24576	4823.360000
24576	4575.280000
24576	4204.760000
24576	4256.560000
24576	4288.880000
24576	4280.520000
24576	4315.360000
24576	4285.480000
24576	4350.480000
Starting reads on all files
Waiting till all child processes complete..
Average time is 4434.216250
24576	4264.360000
24576	4331.520000
24576	4238.520000
24576	4234.480000
24576	4259.040000
24576	4188.040000
24576	4231.600000
24576	4240.360000
24576	4238.840000
24576	4171.520000
24576	4337.160000
24576	4227.560000
24576	4237.480000
24576	4200.200000
24576	4311.600000
24576	4218.440000
24576	4222.640000
24576	4247.400000
24576	4281.720000
24576	4300.440000
24576	4220.240000
24576	4238.520000
24576	4311.040000
24576	4304.200000
24576	4312.920000
24576	4413.600000
24576	5384.320000
24576	4512.440000
24576	4317.440000
24576	4273.680000
24576	4234.320000
24576	225450.840000
Starting reads on all files
Waiting till all child processes complete..
Average time is 11217.390000
24576	4300.720000
24576	4254.160000
24576	4236.440000
24576	4931.440000
24576	4234.840000
24576	4248.120000
24576	4477.360000
24576	4174.200000
24576	4218.320000
24576	4200.040000
24576	4226.800000
24576	4762.360000
24576	4407.440000
24576	4302.200000
24576	4506.480000
24576	4231.880000
24576	4218.720000
24576	4305.160000
24576	4237.360000
24576	4358.560000
24576	4225.800000
24576	4245.160000
24576	4292.520000
24576	4260.240000
24576	4252.640000
24576	4403.080000
24576	4235.400000
24576	4224.600000
24576	4171.240000
24576	4226.560000
24576	4224.400000
24576	4271.000000
Starting reads on all files
Waiting till all child processes complete..
Average time is 4308.288750
