256	430.720000
256	430.840000
256	428.600000
256	428.640000
256	612.440000
256	430.880000
256	426.040000
256	514.120000
256	454.720000
256	427.920000
256	431.720000
256	427.440000
256	433.200000
256	430.560000
256	442.280000
256	441.480000
256	435.040000
256	470.840000
256	476.960000
256	429.720000
256	426.640000
256	429.200000
256	462.120000
256	479.360000
256	481.200000
256	438.160000
256	429.200000
256	434.440000
256	485.760000
256	469.160000
256	431.560000
256	483.760000
256	479.800000
256	430.280000
256	431.120000
256	426.360000
256	426.160000
256	486.400000
256	431.000000
256	428.520000
256	423.760000
256	461.360000
256	430.640000
256	473.760000
256	428.760000
256	431.240000
256	427.040000
256	434.040000
256	450.120000
256	515.000000
256	515.720000
256	526.120000
256	512.640000
256	429.440000
256	522.080000
256	562.000000
256	567.760000
256	565.840000
256	518.320000
256	525.920000
256	482.840000
256	428.520000
256	556.760000
256	434.040000
Starting reads on all files
Waiting till all child processes complete..
Average time is 462.782500
256	434.520000
256	428.920000
256	428.360000
256	433.440000
256	466.480000
256	429.360000
256	452.400000
256	492.960000
256	429.480000
256	501.440000
256	488.000000
256	465.000000
256	542.000000
256	426.120000
256	536.000000
256	426.560000
256	461.400000
256	430.880000
256	484.360000
256	430.840000
256	482.120000
256	484.800000
256	428.040000
256	425.560000
256	428.240000
256	429.640000
256	431.480000
256	421.040000
256	424.280000
256	476.920000
256	428.920000
256	497.640000
256	470.680000
256	429.960000
256	441.360000
256	472.600000
256	491.880000
256	436.400000
256	426.400000
256	517.400000
256	433.840000
256	430.800000
256	471.240000
256	421.520000
256	427.240000
256	534.560000
256	425.840000
256	477.600000
256	431.360000
256	431.000000
256	475.920000
256	519.640000
256	527.760000
256	451.480000
256	476.080000
256	488.680000
256	425.560000
256	474.200000
256	474.240000
256	422.160000
256	478.280000
256	435.360000
256	432.840000
256	427.880000
Starting reads on all files
Waiting till all child processes complete..
Average time is 456.702500
256	428.920000
256	429.280000
256	431.880000
256	430.560000
256	566.920000
256	441.760000
256	429.000000
256	431.760000
256	577.480000
256	437.680000
256	425.360000
256	426.760000
256	432.440000
256	469.880000
256	560.080000
256	466.640000
256	475.280000
256	477.760000
256	891.440000
256	423.880000
256	485.360000
256	505.600000
256	436.720000
256	441.240000
256	434.360000
256	499.000000
256	425.720000
256	424.840000
256	497.760000
256	481.560000
256	430.040000
256	488.080000
256	528.920000
256	513.040000
256	504.760000
256	551.320000
256	425.240000
256	428.840000
256	427.200000
256	427.480000
256	430.640000
256	426.840000
256	483.200000
256	457.480000
256	457.800000
256	496.640000
256	567.920000
256	512.840000
256	430.200000
256	498.320000
256	429.800000
256	427.880000
256	424.760000
256	529.760000
256	480.120000
256	548.720000
256	473.560000
256	564.920000
256	509.720000
256	546.440000
256	492.840000
256	508.040000
256	479.320000
256	525.000000
Starting reads on all files
Waiting till all child processes complete..
Average time is 479.915625
256	448.560000
256	434.280000
256	500.360000
256	427.040000
256	423.880000
256	493.960000
256	461.960000
256	493.880000
256	432.040000
256	496.760000
256	487.360000
256	507.800000
256	500.200000
256	503.080000
256	475.960000
256	430.120000
256	430.440000
256	443.880000
256	565.760000
256	430.400000
256	428.800000
256	428.080000
256	429.400000
256	449.440000
256	519.560000
256	563.680000
256	516.960000
256	427.880000
256	430.640000
256	440.920000
256	471.840000
256	434.400000
256	489.160000
256	494.200000
256	427.800000
256	430.080000
256	507.880000
256	474.120000
256	432.800000
256	430.120000
256	520.960000
256	521.480000
256	509.920000
256	433.400000
256	518.920000
256	568.040000
256	437.120000
256	433.960000
256	488.440000
256	429.720000
256	427.360000
256	428.000000
256	433.160000
256	566.400000
256	525.040000
256	506.720000
256	501.480000
256	490.440000
256	531.480000
256	431.960000
256	508.880000
256	523.200000
256	517.040000
256	517.880000
Starting reads on all files
Waiting till all child processes complete..
Average time is 474.788750
256	527.560000
256	539.640000
256	529.520000
256	522.880000
256	521.880000
256	524.560000
256	517.800000
256	492.400000
256	427.480000
256	525.200000
256	429.480000
256	436.120000
256	497.280000
256	517.480000
256	584.200000
256	499.080000
256	513.520000
256	476.200000
256	431.200000
256	470.320000
256	427.880000
256	480.080000
256	480.720000
256	428.680000
256	427.160000
256	431.000000
256	476.920000
256	484.840000
256	438.960000
256	430.000000
256	423.840000
256	432.240000
256	433.160000
256	425.480000
256	438.680000
256	431.960000
256	538.560000
256	430.360000
256	476.840000
256	427.000000
256	484.560000
256	471.760000
256	420.720000
256	438.640000
256	434.240000
256	482.960000
256	427.880000
256	433.880000
256	427.360000
256	430.520000
256	430.480000
256	433.680000
256	429.760000
256	474.160000
256	465.520000
256	465.880000
256	424.560000
256	430.120000
256	428.440000
256	489.160000
256	476.160000
256	489.360000
256	432.640000
256	474.920000
Starting reads on all files
Waiting till all child processes complete..
Average time is 464.773750
256	438.640000
256	427.720000
256	621.840000
256	438.200000
256	429.040000
256	429.200000
256	429.200000
256	522.480000
256	440.840000
256	512.000000
256	426.640000
256	427.160000
256	442.440000
256	433.880000
256	483.360000
256	430.600000
256	495.360000
256	496.800000
256	522.040000
256	492.560000
256	515.120000
256	525.920000
256	511.640000
256	495.840000
256	516.560000
256	525.680000
256	500.760000
256	429.960000
256	426.520000
256	470.360000
256	428.960000
256	426.840000
256	431.080000
256	433.240000
256	448.360000
256	427.720000
256	434.160000
256	439.640000
256	431.560000
256	429.800000
256	474.200000
256	486.000000
256	423.440000
256	496.840000
256	524.560000
256	514.520000
256	524.480000
256	464.120000
256	516.720000
256	522.440000
256	495.080000
256	496.400000
256	485.480000
256	432.840000
256	470.960000
256	480.040000
256	518.320000
256	439.600000
256	431.480000
256	432.760000
256	488.880000
256	517.160000
256	513.800000
256	516.480000
Starting reads on all files
Waiting till all child processes complete..
Average time is 472.755000
256	441.320000
256	517.080000
256	523.320000
256	514.880000
256	525.440000
256	524.600000
256	521.040000
256	528.800000
256	516.800000
256	553.280000
256	577.280000
256	498.400000
256	489.880000
256	517.040000
256	429.640000
256	465.040000
256	502.320000
256	435.000000
256	485.280000
256	471.960000
256	487.520000
256	441.320000
256	480.240000
256	426.680000
256	430.560000
256	429.720000
256	479.600000
256	428.720000
256	430.040000
256	436.080000
256	469.720000
256	485.160000
256	435.040000
256	440.560000
256	428.320000
256	480.200000
256	520.560000
256	462.440000
256	502.640000
256	479.080000
256	431.400000
256	475.560000
256	425.760000
256	443.200000
256	426.960000
256	472.160000
256	480.600000
256	441.000000
256	492.720000
256	432.240000
256	433.520000
256	559.760000
256	429.320000
256	430.160000
256	436.400000
256	474.720000
256	432.840000
256	430.560000
256	429.320000
256	478.960000
256	485.120000
256	495.680000
256	500.280000
256	494.480000
Starting reads on all files
Waiting till all child processes complete..
Average time is 472.583125
256	439.840000
256	443.520000
256	522.880000
256	505.840000
256	510.040000
256	446.320000
256	565.840000
256	526.560000
256	496.760000
256	574.920000
256	429.600000
256	427.280000
256	427.240000
256	427.920000
256	473.560000
256	496.760000
256	427.480000
256	427.400000
256	498.400000
256	496.280000
256	461.160000
256	468.920000
256	543.280000
256	478.760000
256	424.720000
256	550.560000
256	439.760000
256	466.240000
256	430.320000
256	501.120000
256	518.720000
256	525.720000
256	502.280000
256	536.680000
256	751.480000
256	518.560000
256	430.120000
256	426.720000
256	429.760000
256	499.760000
256	481.480000
256	433.000000
256	435.400000
256	571.080000
256	571.920000
256	467.200000
256	565.520000
256	452.080000
256	496.840000
256	486.400000
256	518.320000
256	505.440000
256	432.520000
256	575.360000
256	426.640000
256	431.760000
256	433.200000
256	433.080000
256	489.960000
256	521.880000
256	427.240000
256	504.120000
256	430.360000
256	424.280000
Starting reads on all files
Waiting till all child processes complete..
Average time is 484.127500
256	499.400000
256	500.920000
256	499.680000
256	428.200000
256	516.360000
256	426.040000
256	487.600000
256	440.760000
256	582.080000
256	426.520000
256	424.400000
256	444.080000
256	484.240000
256	434.280000
256	437.840000
256	489.920000
256	424.360000
256	429.760000
256	428.200000
256	503.200000
256	522.040000
256	520.920000
256	510.000000
256	434.720000
256	429.040000
256	426.480000
256	432.840000
256	428.760000
256	488.960000
256	514.480000
256	506.480000
256	432.400000
256	424.760000
256	496.680000
256	506.800000
256	425.840000
256	431.240000
256	429.960000
256	428.640000
256	430.680000
256	483.600000
256	429.440000
256	421.840000
256	425.520000
256	429.200000
256	429.080000
256	423.360000
256	444.040000
256	509.280000
256	523.240000
256	507.360000
256	587.040000
256	519.600000
256	522.720000
256	493.160000
256	574.880000
256	584.760000
256	424.720000
256	500.880000
256	430.240000
256	514.000000
256	564.600000
256	497.880000
256	430.720000
Starting reads on all files
Waiting till all child processes complete..
Average time is 471.886250
256	510.960000
256	434.760000
256	490.560000
256	499.480000
256	490.400000
256	435.360000
256	475.560000
256	507.360000
256	427.000000
256	423.680000
256	429.440000
256	439.920000
256	437.720000
256	428.960000
256	431.080000
256	422.640000
256	557.880000
256	465.840000
256	462.480000
256	426.600000
256	428.480000
256	585.680000
256	430.040000
256	433.080000
256	473.640000
256	428.200000
256	426.800000
256	480.080000
256	426.320000
256	558.360000
256	527.480000
256	502.640000
256	459.880000
256	423.480000
256	494.600000
256	434.200000
256	471.360000
256	435.040000
256	435.040000
256	479.360000
256	545.200000
256	514.320000
256	498.800000
256	537.840000
256	427.920000
256	488.560000
256	523.360000
256	426.880000
256	426.680000
256	583.200000
256	521.000000
256	429.200000
256	479.480000
256	427.000000
256	446.840000
256	502.840000
256	434.120000
256	426.520000
256	457.760000
256	431.840000
256	466.440000
256	537.600000
256	470.160000
256	478.160000
Starting reads on all files
Waiting till all child processes complete..
Average time is 468.955625
256	431.160000
256	482.120000
256	427.880000
256	423.840000
256	536.720000
256	479.360000
256	427.000000
256	482.760000
256	475.840000
256	433.320000
256	429.680000
256	507.760000
256	425.920000
256	424.680000
256	515.840000
256	521.040000
256	521.040000
256	432.120000
256	523.920000
256	500.560000
256	516.200000
256	568.080000
256	533.600000
256	525.600000
256	500.680000
256	519.800000
256	527.120000
256	429.400000
256	503.880000
256	528.920000
256	520.600000
256	490.360000
256	523.080000
256	430.120000
256	487.600000
256	472.960000
256	500.880000
256	501.800000
256	540.760000
256	483.960000
256	439.080000
256	478.560000
256	502.360000
256	471.000000
256	424.640000
256	426.120000
256	432.600000
256	426.840000
256	621.000000
256	429.480000
256	431.920000
256	481.080000
256	433.240000
256	434.680000
256	470.400000
256	474.560000
256	531.880000
256	519.680000
256	494.960000
256	433.800000
256	427.720000
256	476.320000
256	478.040000
256	484.200000
Starting reads on all files
Waiting till all child processes complete..
Average time is 480.189375
