256	541.600000
256	567.080000
256	428.080000
256	423.520000
256	517.360000
256	566.480000
256	435.920000
256	574.040000
256	579.560000
256	505.880000
256	510.920000
256	538.480000
256	479.160000
256	453.120000
256	426.440000
256	473.920000
256	472.920000
256	490.160000
256	428.480000
256	436.880000
256	426.560000
256	506.760000
256	443.760000
256	433.400000
256	469.520000
256	468.000000
256	807.000000
256	424.120000
256	434.400000
256	440.040000
256	464.240000
256	479.200000
256	429.400000
256	552.920000
256	429.040000
256	429.320000
256	458.200000
256	426.520000
256	519.360000
256	519.400000
256	563.640000
256	528.440000
256	566.440000
256	434.080000
256	428.520000
256	431.600000
256	436.160000
256	518.800000
Starting reads on all files
Waiting till all child processes complete..
Average time is 485.809167
256	563.960000
256	511.160000
256	500.280000
256	429.640000
256	426.960000
256	425.240000
256	433.880000
256	469.680000
256	444.080000
256	427.360000
256	497.840000
256	435.000000
256	424.680000
256	478.760000
256	500.880000
256	430.120000
256	470.920000
256	422.840000
256	464.240000
256	440.000000
256	423.480000
256	429.280000
256	469.200000
256	439.720000
256	567.000000
256	435.920000
256	433.000000
256	480.400000
256	429.200000
256	442.360000
256	429.760000
256	478.920000
256	428.280000
256	457.880000
256	477.440000
256	524.320000
256	437.040000
256	652.240000
256	424.280000
256	423.880000
256	504.200000
256	434.080000
256	474.480000
256	424.240000
256	429.200000
256	543.640000
256	429.000000
256	520.800000
Starting reads on all files
Waiting till all child processes complete..
Average time is 463.349167
256	434.000000
256	496.720000
256	435.600000
256	428.840000
256	421.800000
256	516.040000
256	427.040000
256	520.720000
256	581.080000
256	440.240000
256	424.240000
256	522.600000
256	517.120000
256	421.120000
256	425.400000
256	441.040000
256	468.080000
256	490.560000
256	495.680000
256	481.840000
256	430.120000
256	429.320000
256	424.440000
256	426.720000
256	426.400000
256	423.640000
256	482.200000
256	428.200000
256	425.440000
256	426.320000
256	465.320000
256	427.840000
256	427.840000
256	426.720000
256	432.840000
256	425.840000
256	466.000000
256	434.080000
256	475.480000
256	441.400000
256	517.120000
256	426.320000
256	429.840000
256	495.040000
256	434.800000
256	462.240000
256	431.960000
256	469.760000
Starting reads on all files
Waiting till all child processes complete..
Average time is 454.229167
256	483.000000
256	423.600000
256	429.960000
256	425.240000
256	522.280000
256	560.720000
256	556.200000
256	428.760000
256	511.920000
256	433.120000
256	496.960000
256	430.600000
256	432.760000
256	467.040000
256	482.440000
256	482.760000
256	422.480000
256	424.040000
256	430.560000
256	470.400000
256	430.640000
256	478.200000
256	427.800000
256	439.840000
256	439.080000
256	433.720000
256	422.680000
256	433.760000
256	470.400000
256	470.280000
256	493.280000
256	434.440000
256	432.400000
256	472.840000
256	430.720000
256	427.480000
256	464.560000
256	426.800000
256	517.000000
256	426.160000
256	435.920000
256	512.040000
256	425.600000
256	424.800000
256	491.640000
256	470.120000
256	423.600000
256	467.760000
Starting reads on all files
Waiting till all child processes complete..
Average time is 457.050000
256	431.960000
256	432.840000
256	428.360000
256	433.960000
256	441.240000
256	425.880000
256	496.240000
256	487.920000
256	530.680000
256	430.120000
256	423.080000
256	461.280000
256	503.520000
256	425.040000
256	500.840000
256	441.040000
256	424.680000
256	428.880000
256	481.440000
256	485.040000
256	471.520000
256	603.240000
256	476.440000
256	461.760000
256	469.240000
256	475.440000
256	492.960000
256	470.480000
256	426.720000
256	438.800000
256	431.960000
256	428.520000
256	501.080000
256	481.560000
256	430.240000
256	426.600000
256	472.880000
256	483.120000
256	427.360000
256	429.040000
256	466.880000
256	432.160000
256	508.240000
256	426.360000
256	428.120000
256	430.040000
256	430.160000
256	489.400000
Starting reads on all files
Waiting till all child processes complete..
Average time is 458.840833
256	497.480000
256	727.720000
256	431.880000
256	433.840000
256	426.080000
256	431.120000
256	432.840000
256	430.280000
256	497.440000
256	431.920000
256	484.920000
256	428.040000
256	426.960000
256	432.680000
256	497.520000
256	429.400000
256	428.400000
256	558.720000
256	627.400000
256	437.680000
256	428.600000
256	438.120000
256	429.920000
256	465.440000
256	469.280000
256	474.560000
256	467.560000
256	438.800000
256	432.120000
256	505.320000
256	467.200000
256	432.440000
256	430.200000
256	429.680000
256	426.440000
256	445.320000
256	471.480000
256	437.160000
256	429.720000
256	431.760000
256	523.760000
256	429.760000
256	437.080000
256	480.800000
256	559.280000
256	426.600000
256	429.800000
256	436.360000
Starting reads on all files
Waiting till all child processes complete..
Average time is 461.810000
256	431.480000
256	431.240000
256	468.800000
256	467.640000
256	472.800000
256	505.560000
256	427.120000
256	426.960000
256	577.920000
256	496.240000
256	425.800000
256	517.800000
256	512.800000
256	522.000000
256	427.920000
256	432.760000
256	537.880000
256	427.600000
256	475.480000
256	473.040000
256	439.840000
256	433.800000
256	499.520000
256	459.360000
256	441.080000
256	502.640000
256	509.200000
256	500.600000
256	441.600000
256	457.400000
256	426.880000
256	430.760000
256	490.360000
256	436.440000
256	428.400000
256	432.160000
256	480.760000
256	429.040000
256	479.680000
256	434.680000
256	501.040000
256	486.400000
256	488.080000
256	436.760000
256	425.120000
256	430.600000
256	503.520000
256	515.640000
Starting reads on all files
Waiting till all child processes complete..
Average time is 466.670833
256	438.760000
256	434.520000
256	519.080000
256	520.040000
256	526.000000
256	518.080000
256	520.960000
256	426.680000
256	429.560000
256	430.280000
256	478.280000
256	433.640000
256	423.040000
256	486.480000
256	429.960000
256	477.480000
256	498.520000
256	494.840000
256	500.680000
256	495.760000
256	424.600000
256	477.040000
256	432.720000
256	477.640000
256	547.920000
256	426.160000
256	468.560000
256	432.640000
256	436.240000
256	473.040000
256	428.560000
256	424.480000
256	425.240000
256	443.560000
256	424.880000
256	428.920000
256	489.240000
256	428.720000
256	426.280000
256	432.200000
256	490.680000
256	488.000000
256	508.000000
256	522.480000
256	466.520000
256	442.240000
256	427.720000
256	432.840000
Starting reads on all files
Waiting till all child processes complete..
Average time is 462.703333
256	434.880000
256	444.880000
256	429.120000
256	430.000000
256	429.920000
256	476.600000
256	439.840000
256	432.200000
256	476.320000
256	429.880000
256	475.720000
256	530.640000
256	470.280000
256	425.160000
256	517.120000
256	530.840000
256	428.280000
256	589.960000
256	422.400000
256	519.120000
256	513.760000
256	519.040000
256	511.400000
256	522.680000
256	430.280000
256	496.440000
256	527.600000
256	432.120000
256	740.600000
256	501.960000
256	432.880000
256	658.640000
256	431.000000
256	441.040000
256	426.000000
256	437.080000
256	432.240000
256	522.400000
256	519.040000
256	434.480000
256	519.840000
256	524.320000
256	519.440000
256	503.000000
256	493.720000
256	519.000000
256	500.840000
256	506.440000
Starting reads on all files
Waiting till all child processes complete..
Average time is 486.467500
256	526.000000
256	517.720000
256	560.920000
256	567.840000
256	520.520000
256	516.120000
256	431.080000
256	481.120000
256	424.640000
256	477.920000
256	477.480000
256	503.680000
256	471.240000
256	498.440000
256	475.480000
256	476.440000
256	424.960000
256	459.400000
256	429.840000
256	426.240000
256	475.960000
256	433.760000
256	431.720000
256	424.800000
256	478.400000
256	429.200000
256	430.160000
256	427.680000
256	436.360000
256	426.440000
256	463.720000
256	449.160000
256	430.520000
256	429.320000
256	567.280000
256	442.520000
256	516.160000
256	441.320000
256	496.920000
256	432.040000
256	514.680000
256	512.680000
256	514.800000
256	431.240000
256	430.960000
256	436.160000
256	427.320000
256	430.520000
Starting reads on all files
Waiting till all child processes complete..
Average time is 467.268333
256	485.800000
256	483.480000
256	492.760000
256	529.920000
256	572.280000
256	695.560000
256	426.080000
256	488.960000
256	426.960000
256	428.560000
256	529.680000
256	425.280000
256	434.120000
256	428.680000
256	495.920000
256	435.560000
256	424.320000
256	466.400000
256	706.120000
256	504.320000
256	429.960000
256	495.040000
256	490.080000
256	429.760000
256	435.720000
256	510.800000
256	491.360000
256	449.000000
256	496.800000
256	432.040000
256	564.680000
256	566.200000
256	426.560000
256	516.080000
256	439.360000
256	526.440000
256	523.000000
256	568.840000
256	424.960000
256	436.520000
256	471.760000
256	466.200000
256	497.520000
256	468.800000
256	418.000000
256	469.960000
256	642.440000
256	428.480000
Starting reads on all files
Waiting till all child processes complete..
Average time is 487.440000
256	500.000000
256	461.600000
256	485.560000
256	429.200000
256	457.040000
256	437.280000
256	426.000000
256	553.520000
256	426.240000
256	438.200000
256	507.080000
256	434.680000
256	567.120000
256	427.960000
256	421.920000
256	429.040000
256	425.560000
256	426.680000
256	500.520000
256	436.360000
256	516.880000
256	439.000000
256	473.200000
256	434.840000
256	425.920000
256	437.920000
256	433.960000
256	486.520000
256	429.800000
256	476.200000
256	424.640000
256	428.400000
256	431.000000
256	476.760000
256	470.440000
256	423.800000
256	427.840000
256	484.760000
256	471.480000
256	431.200000
256	425.840000
256	513.320000
256	431.600000
256	533.120000
256	516.600000
256	520.040000
256	520.800000
256	509.200000
Starting reads on all files
Waiting till all child processes complete..
Average time is 462.221667
256	500.200000
256	528.000000
256	434.400000
256	496.640000
256	434.320000
256	524.800000
256	500.600000
256	433.800000
256	525.800000
256	560.960000
256	428.560000
256	496.880000
256	431.560000
256	514.920000
256	439.880000
256	430.880000
256	436.200000
256	517.920000
256	513.800000
256	505.920000
256	492.840000
256	524.600000
256	525.840000
256	513.000000
256	512.520000
256	430.760000
256	582.000000
256	431.080000
256	530.560000
256	514.440000
256	522.440000
256	519.880000
256	515.760000
256	517.120000
256	519.480000
256	521.160000
256	521.640000
256	559.440000
256	513.680000
256	512.640000
256	514.320000
256	489.720000
256	435.320000
256	461.960000
256	501.320000
256	521.600000
256	431.040000
256	490.920000
Starting reads on all files
Waiting till all child processes complete..
Average time is 495.481667
