256	434.400000
256	429.400000
256	439.320000
256	423.440000
256	432.320000
256	429.040000
256	13388.880000
256	600.360000
256	430.280000
256	433.920000
256	469.480000
256	425.360000
256	481.040000
256	467.680000
256	477.720000
256	436.840000
256	461.520000
256	429.560000
256	434.720000
256	439.600000
256	508.560000
256	431.480000
256	487.840000
256	429.960000
256	447.920000
256	434.000000
256	436.840000
256	438.480000
256	430.000000
256	424.120000
256	427.120000
256	427.120000
Starting reads on all files
Waiting till all child processes complete..
Average time is 852.760000
256	514.760000
256	432.160000
256	435.840000
256	447.720000
256	424.360000
256	425.680000
256	432.720000
256	436.800000
256	430.360000
256	425.480000
256	427.720000
256	426.000000
256	429.080000
256	434.120000
256	436.880000
256	435.040000
256	456.760000
256	430.760000
256	426.880000
256	430.720000
256	428.280000
256	437.800000
256	437.320000
256	427.120000
256	446.400000
256	472.000000
256	489.600000
256	474.320000
256	845.400000
256	476.440000
256	425.880000
256	430.200000
Starting reads on all files
Waiting till all child processes complete..
Average time is 454.081250
256	431.080000
256	424.000000
256	430.240000
256	428.400000
256	436.840000
256	432.520000
256	424.920000
256	426.160000
256	469.760000
256	438.280000
256	470.440000
256	431.640000
256	441.360000
256	433.840000
256	428.600000
256	468.480000
256	478.400000
256	472.640000
256	429.200000
256	468.400000
256	490.800000
256	471.360000
256	483.560000
256	476.560000
256	471.920000
256	474.120000
256	476.680000
256	436.480000
256	468.560000
256	429.800000
256	428.800000
256	427.640000
Starting reads on all files
Waiting till all child processes complete..
Average time is 450.046250
256	429.440000
256	430.280000
256	436.520000
256	430.880000
256	434.000000
256	428.480000
256	430.040000
256	435.080000
256	481.840000
256	425.760000
256	429.040000
256	426.760000
256	505.680000
256	481.600000
256	431.120000
256	468.560000
256	471.880000
256	474.960000
256	432.320000
256	490.000000
256	477.400000
256	430.680000
256	425.680000
256	435.560000
256	432.400000
256	478.080000
256	437.600000
256	431.720000
256	476.360000
256	435.160000
256	428.880000
256	432.240000
Starting reads on all files
Waiting till all child processes complete..
Average time is 446.750000
256	428.960000
256	438.960000
256	436.880000
256	437.440000
256	435.600000
256	468.760000
256	426.360000
256	491.760000
256	426.520000
256	424.320000
256	467.480000
256	436.080000
256	482.520000
256	426.160000
256	434.600000
256	477.920000
256	472.640000
256	425.560000
256	433.440000
256	438.480000
256	475.480000
256	429.320000
256	457.960000
256	430.480000
256	435.280000
256	442.240000
256	424.560000
256	431.880000
256	445.040000
256	427.600000
256	429.360000
256	427.960000
Starting reads on all files
Waiting till all child processes complete..
Average time is 442.737500
256	490.640000
256	463.360000
256	473.480000
256	481.240000
256	490.200000
256	477.440000
256	433.280000
256	508.240000
256	427.600000
256	426.080000
256	433.360000
256	486.080000
256	431.680000
256	439.720000
256	431.840000
256	428.320000
256	428.120000
256	435.760000
256	438.800000
256	425.240000
256	427.160000
256	428.760000
256	477.440000
256	437.920000
256	617.000000
256	498.640000
256	482.280000
256	486.680000
256	433.200000
256	434.000000
256	470.440000
256	470.120000
Starting reads on all files
Waiting till all child processes complete..
Average time is 459.816250
256	467.080000
256	483.000000
256	470.920000
256	952.360000
256	469.320000
256	640.760000
256	442.760000
256	433.800000
256	424.600000
256	425.160000
256	433.600000
256	429.080000
256	648.080000
256	497.280000
256	431.720000
256	428.920000
256	446.760000
256	433.800000
256	481.240000
256	432.480000
256	473.920000
256	634.440000
256	434.720000
256	476.880000
256	493.560000
256	428.520000
256	462.080000
256	428.040000
256	439.520000
256	428.680000
256	427.920000
256	437.400000
Starting reads on all files
Waiting till all child processes complete..
Average time is 482.450000
256	438.520000
256	445.120000
256	431.320000
256	434.400000
256	427.240000
256	491.800000
256	429.560000
256	431.920000
256	433.320000
256	440.920000
256	519.520000
256	526.200000
256	525.280000
256	524.200000
256	433.160000
256	491.040000
256	533.160000
256	525.400000
256	515.160000
256	529.640000
256	514.440000
256	519.520000
256	518.000000
256	518.280000
256	518.000000
256	531.280000
256	526.120000
256	565.000000
256	427.200000
256	426.120000
256	426.400000
256	512.160000
Starting reads on all files
Waiting till all child processes complete..
Average time is 485.293750
256	567.440000
256	425.720000
256	507.560000
256	432.720000
256	428.200000
256	435.960000
256	472.760000
256	470.520000
256	426.280000
256	429.320000
256	429.040000
256	499.240000
256	470.640000
256	464.280000
256	471.400000
256	492.040000
256	472.440000
256	429.360000
256	473.040000
256	468.440000
256	432.920000
256	430.920000
256	425.320000
256	436.560000
256	430.960000
256	426.200000
256	434.360000
256	430.720000
256	426.280000
256	431.800000
256	430.480000
256	427.240000
Starting reads on all files
Waiting till all child processes complete..
Average time is 450.942500
256	510.120000
256	481.760000
256	469.360000
256	482.440000
256	489.600000
256	425.840000
256	426.680000
256	454.600000
256	424.440000
256	428.760000
256	476.680000
256	425.360000
256	424.880000
256	432.160000
256	434.080000
256	576.760000
256	431.040000
256	427.680000
256	466.400000
256	430.600000
256	424.720000
256	427.160000
256	423.920000
256	438.040000
256	426.640000
256	427.120000
256	426.480000
256	473.240000
256	481.240000
256	426.640000
256	481.320000
256	443.920000
Starting reads on all files
Waiting till all child processes complete..
Average time is 450.615000
256	434.960000
256	426.760000
256	429.080000
256	622.240000
256	438.120000
256	430.560000
256	431.320000
256	434.600000
256	424.400000
256	435.280000
256	426.880000
256	429.880000
256	479.440000
256	432.080000
256	430.520000
256	442.720000
256	432.160000
256	440.880000
256	433.560000
256	424.840000
256	426.520000
256	486.360000
256	433.560000
256	434.120000
256	469.160000
256	487.480000
256	458.080000
256	477.280000
256	475.440000
256	429.280000
256	426.880000
256	433.040000
Starting reads on all files
Waiting till all child processes complete..
Average time is 447.421250
256	429.760000
256	435.360000
256	432.480000
256	426.400000
256	430.320000
256	441.880000
256	430.400000
256	426.920000
256	426.000000
256	468.000000
256	473.880000
256	424.440000
256	426.720000
256	431.440000
256	431.040000
256	424.600000
256	428.480000
256	426.960000
256	431.640000
256	440.040000
256	432.320000
256	433.600000
256	432.680000
256	429.040000
256	478.120000
256	439.400000
256	425.400000
256	427.600000
256	470.000000
256	462.680000
256	428.040000
256	429.480000
Starting reads on all files
Waiting till all child processes complete..
Average time is 436.722500
