256	449.880000
256	672.400000
256	427.960000
256	427.160000
256	431.360000
256	433.680000
256	422.560000
256	426.200000
256	425.840000
256	425.920000
256	429.480000
256	427.960000
256	424.160000
256	422.600000
256	424.640000
256	430.000000
Starting reads on all files
Waiting till all child processes complete..
Average time is 443.862500
256	571.720000
256	431.840000
256	441.760000
256	444.400000
256	429.360000
256	428.840000
256	518.840000
256	497.920000
256	519.480000
256	427.840000
256	506.040000
256	525.480000
256	426.920000
256	511.680000
256	430.960000
256	431.760000
Starting reads on all files
Waiting till all child processes complete..
Average time is 471.552500
256	436.880000
256	428.640000
256	426.960000
256	560.120000
256	555.520000
256	563.040000
256	433.040000
256	570.720000
256	429.520000
256	423.680000
256	436.320000
256	565.480000
256	455.160000
256	426.000000
256	431.240000
256	429.720000
Starting reads on all files
Waiting till all child processes complete..
Average time is 473.252500
256	437.920000
256	567.600000
256	519.040000
256	433.800000
256	445.880000
256	429.440000
256	424.680000
256	433.960000
256	563.760000
256	426.640000
256	578.760000
256	429.760000
256	568.120000
256	429.920000
256	427.320000
256	427.280000
Starting reads on all files
Waiting till all child processes complete..
Average time is 471.492500
256	557.320000
256	431.360000
256	435.880000
256	430.280000
256	527.200000
256	439.080000
256	521.080000
256	431.600000
256	562.040000
256	425.600000
256	564.640000
256	563.400000
256	427.800000
256	425.880000
256	425.520000
256	426.720000
Starting reads on all files
Waiting till all child processes complete..
Average time is 474.712500
256	437.560000
256	428.760000
256	433.400000
256	428.960000
256	426.080000
256	425.760000
256	427.440000
256	589.920000
256	434.480000
256	427.280000
256	427.240000
256	427.320000
256	429.840000
256	426.480000
256	576.760000
256	455.160000
Starting reads on all files
Waiting till all child processes complete..
Average time is 450.152500
256	429.640000
256	432.400000
256	431.320000
256	433.240000
256	427.520000
256	439.160000
256	427.240000
256	428.240000
256	428.360000
256	427.720000
256	425.520000
256	430.480000
256	432.000000
256	430.200000
256	427.800000
256	430.720000
Starting reads on all files
Waiting till all child processes complete..
Average time is 430.097500
256	429.240000
256	591.560000
256	431.560000
256	429.520000
256	425.720000
256	425.880000
256	438.080000
256	429.320000
256	430.320000
256	422.640000
256	429.120000
256	477.160000
256	427.880000
256	428.320000
256	431.880000
256	442.720000
Starting reads on all files
Waiting till all child processes complete..
Average time is 443.182500
256	428.720000
256	427.600000
256	431.560000
256	429.680000
256	446.400000
256	446.080000
256	436.760000
256	429.800000
256	429.800000
256	431.920000
256	428.600000
256	426.760000
256	428.160000
256	435.320000
256	434.600000
256	430.080000
Starting reads on all files
Waiting till all child processes complete..
Average time is 432.615000
256	429.640000
256	428.720000
256	435.440000
256	421.920000
256	428.920000
256	604.920000
256	429.560000
256	429.600000
256	426.000000
256	430.560000
256	436.480000
256	428.000000
256	431.760000
256	430.560000
256	427.600000
256	428.120000
Starting reads on all files
Waiting till all child processes complete..
Average time is 440.487500
256	431.840000
256	433.640000
256	426.280000
256	563.920000
256	425.000000
256	436.520000
256	523.520000
256	429.520000
256	435.600000
256	563.720000
256	431.320000
256	432.000000
256	432.000000
256	576.640000
256	514.040000
256	429.320000
Starting reads on all files
Waiting till all child processes complete..
Average time is 467.805000
256	429.520000
256	434.320000
256	431.120000
256	567.480000
256	523.800000
256	524.120000
256	520.600000
256	428.080000
256	522.520000
256	429.360000
256	427.320000
256	429.320000
256	424.840000
256	429.000000
256	428.440000
256	426.040000
Starting reads on all files
Waiting till all child processes complete..
Average time is 460.992500
