28672	4975.280000
28672	4870.920000
28672	5443.080000
28672	5244.640000
28672	4929.800000
28672	4917.000000
28672	4990.360000
28672	5000.440000
28672	5010.200000
28672	4989.600000
28672	4948.280000
28672	4842.640000
28672	5033.800000
28672	4945.920000
28672	5007.880000
28672	4921.680000
28672	4949.760000
28672	5026.800000
28672	5323.920000
28672	4873.920000
28672	4920.280000
28672	5035.440000
28672	5053.440000
28672	4917.480000
28672	5012.440000
28672	5020.320000
28672	4922.080000
28672	5030.040000
28672	4970.160000
28672	4915.560000
28672	4999.840000
28672	5064.080000
Starting reads on all files
Waiting till all child processes complete..
Average time is 5003.346250
28672	4961.760000
28672	5289.800000
28672	4913.160000
28672	4917.720000
28672	4924.840000
28672	4896.480000
28672	5173.400000
28672	4864.000000
28672	4934.640000
28672	4890.800000
28672	4864.920000
28672	4907.640000
28672	4966.760000
28672	4925.120000
28672	4835.160000
28672	4977.680000
28672	4917.880000
28672	4899.920000
28672	5767.520000
28672	4921.040000
28672	4805.440000
28672	4887.280000
28672	4887.080000
28672	4997.960000
28672	4918.720000
28672	4978.680000
28672	4944.240000
28672	4977.480000
28672	4950.040000
28672	4932.960000
28672	4955.720000
28672	14976.680000
Starting reads on all files
Waiting till all child processes complete..
Average time is 5280.078750
28672	4847.960000
28672	5092.480000
28672	4868.840000
28672	4810.080000
28672	4831.960000
28672	4900.400000
28672	14051.840000
28672	4808.360000
28672	4856.680000
28672	4882.800000
28672	4887.760000
28672	4815.400000
28672	4873.240000
28672	4851.720000
28672	4836.400000
28672	4872.120000
28672	4910.400000
28672	4820.640000
28672	4904.120000
28672	4813.120000
28672	4968.640000
28672	4858.960000
28672	4807.200000
28672	4921.880000
28672	4830.760000
28672	4823.480000
28672	4826.920000
28672	4929.600000
28672	4938.320000
28672	4875.920000
28672	4936.040000
28672	4924.760000
Starting reads on all files
Waiting till all child processes complete..
Average time is 5161.837500
28672	5089.400000
28672	4856.040000
28672	4956.240000
28672	13979.960000
28672	4816.280000
28672	5000.240000
28672	4831.040000
28672	4839.560000
28672	4843.720000
28672	4791.880000
28672	4856.320000
28672	4710.280000
28672	4826.880000
28672	4857.320000
28672	5040.280000
28672	4931.280000
28672	4847.080000
28672	4790.920000
28672	4931.680000
28672	4902.880000
28672	4898.520000
28672	4831.760000
28672	4828.600000
28672	4830.040000
28672	4858.200000
28672	4884.160000
28672	4871.920000
28672	4807.120000
28672	5025.720000
28672	4849.400000
28672	4826.360000
28672	4987.000000
Starting reads on all files
Waiting till all child processes complete..
Average time is 5162.440000
28672	5068.840000
28672	5858.840000
28672	4835.600000
28672	4918.160000
28672	14026.320000
28672	4837.280000
28672	4811.480000
28672	4855.520000
28672	4860.720000
28672	4856.240000
28672	4834.280000
28672	4836.880000
28672	4887.120000
28672	5006.720000
28672	4842.080000
28672	4917.120000
28672	4921.600000
28672	4900.160000
28672	4912.800000
28672	4849.600000
28672	4926.680000
28672	4923.840000
28672	4782.720000
28672	4847.120000
28672	4823.160000
28672	4831.160000
28672	4852.880000
28672	4792.840000
28672	5419.960000
28672	4936.880000
28672	8582.760000
28672	4824.240000
Starting reads on all files
Waiting till all child processes complete..
Average time is 5324.425000
28672	5210.680000
28672	4784.440000
28672	4808.400000
28672	4856.720000
28672	4836.480000
28672	4835.440000
28672	4841.280000
28672	4818.960000
28672	4830.520000
28672	4786.200000
28672	4869.640000
28672	4821.960000
28672	4800.960000
28672	4876.480000
28672	4790.440000
28672	4922.800000
28672	4917.840000
28672	4909.240000
28672	4928.080000
28672	4897.200000
28672	5050.760000
28672	4915.760000
28672	4913.200000
28672	4943.560000
28672	4862.720000
28672	4849.520000
28672	5035.920000
28672	4839.240000
28672	4857.160000
28672	4870.160000
28672	4899.160000
28672	4905.400000
Starting reads on all files
Waiting till all child processes complete..
Average time is 4883.947500
28672	5082.120000
28672	4839.720000
28672	5050.960000
28672	4866.440000
28672	4872.600000
28672	4825.280000
28672	4844.440000
28672	4857.200000
28672	4928.320000
28672	4841.200000
28672	4905.280000
28672	4845.920000
28672	4932.880000
28672	4852.520000
28672	4978.760000
28672	4825.600000
28672	4805.280000
28672	4853.800000
28672	4883.240000
28672	4851.680000
28672	4920.080000
28672	4917.600000
28672	4938.800000
28672	4886.880000
28672	4903.440000
28672	4971.400000
28672	4850.680000
28672	4872.720000
28672	5005.600000
28672	4943.240000
28672	4940.440000
28672	5013.760000
Starting reads on all files
Waiting till all child processes complete..
Average time is 4903.371250
28672	8638.920000
28672	5217.760000
28672	4941.480000
28672	4961.080000
28672	4967.040000
28672	4965.200000
28672	4984.520000
28672	4956.720000
28672	5077.920000
28672	5018.960000
28672	4906.760000
28672	4962.080000
28672	4929.120000
28672	4890.280000
28672	4995.080000
28672	4943.200000
28672	4897.880000
28672	5035.240000
28672	4927.480000
28672	4923.480000
28672	4999.120000
28672	4896.760000
28672	4906.760000
28672	4915.560000
28672	5209.200000
28672	4959.320000
28672	4883.400000
28672	5113.600000
28672	4998.200000
28672	4997.400000
28672	8816.320000
28672	4929.600000
Starting reads on all files
Waiting till all child processes complete..
Average time is 5211.420000
28672	5357.800000
28672	5002.600000
28672	4886.760000
28672	4898.600000
28672	4879.080000
28672	4979.920000
28672	49907.160000
28672	4932.080000
28672	4898.320000
28672	4825.600000
28672	4895.920000
28672	4851.240000
28672	4833.400000
28672	4945.160000
28672	4882.920000
28672	4847.160000
28672	4895.840000
28672	5013.840000
28672	4843.760000
28672	5016.240000
28672	5028.520000
28672	86975.600000
28672	4916.440000
28672	4863.000000
28672	4905.760000
28672	4938.320000
28672	5030.720000
28672	4915.720000
28672	4975.160000
28672	4881.800000
28672	4810.520000
28672	50001.560000
Starting reads on all files
Waiting till all child processes complete..
Average time is 10307.391250
28672	4928.760000
28672	5436.520000
28672	4868.880000
28672	4949.680000
28672	4999.160000
28672	4881.440000
28672	4946.240000
28672	4924.520000
28672	4943.480000
28672	4891.360000
28672	4938.680000
28672	5037.600000
28672	4935.400000
28672	4915.280000
28672	4883.400000
28672	4848.040000
28672	4821.600000
28672	4972.440000
28672	4940.960000
28672	4935.640000
28672	4944.160000
28672	4896.760000
28672	4954.080000
28672	4844.840000
28672	4899.320000
28672	4915.280000
28672	5734.840000
28672	4833.280000
28672	4967.600000
28672	4892.000000
28672	4841.600000
28672	4927.000000
Starting reads on all files
Waiting till all child processes complete..
Average time is 4957.807500
