28672	4830.520000
28672	5008.680000
28672	5058.640000
28672	4894.880000
28672	4984.680000
28672	5040.840000
28672	4959.080000
28672	4956.160000
28672	5111.160000
28672	4920.720000
28672	4972.080000
28672	5073.560000
28672	4966.120000
28672	4978.480000
28672	4950.320000
28672	4982.920000
28672	4957.960000
28672	5057.640000
28672	9011.560000
28672	4934.000000
28672	5289.680000
28672	4898.440000
28672	4961.760000
28672	5306.200000
28672	5003.160000
28672	5567.120000
28672	4919.560000
28672	4986.840000
28672	4958.000000
28672	5083.600000
28672	4924.360000
28672	4838.000000
28672	4891.360000
28672	4910.440000
28672	5004.720000
28672	4914.400000
28672	4953.040000
28672	4905.360000
28672	4959.840000
28672	4986.840000
28672	4991.720000
28672	5063.040000
28672	4976.720000
28672	5033.400000
28672	4851.840000
28672	5071.800000
28672	4900.800000
28672	4971.080000
Starting reads on all files
Waiting till all child processes complete..
Average time is 5078.606667
28672	5003.040000
28672	5117.720000
28672	4867.240000
28672	4876.640000
28672	4849.560000
28672	4910.280000
28672	4860.760000
28672	4882.880000
28672	5699.440000
28672	4911.800000
28672	4874.720000
28672	4910.240000
28672	4839.040000
28672	4907.720000
28672	4945.560000
28672	4906.320000
28672	4827.960000
28672	5201.840000
28672	4954.920000
28672	4820.720000
28672	4955.520000
28672	4921.720000
28672	5014.280000
28672	4916.880000
28672	4910.400000
28672	4921.360000
28672	4985.280000
28672	4962.760000
28672	5019.800000
28672	4895.840000
28672	4975.160000
28672	6118.680000
28672	8639.040000
28672	4916.160000
28672	4928.920000
28672	4872.880000
28672	5001.680000
28672	4919.440000
28672	4944.800000
28672	4918.080000
28672	186754.920000
28672	4979.560000
28672	4905.000000
28672	4898.120000
28672	4976.920000
28672	4896.840000
28672	5762.360000
28672	4951.560000
Starting reads on all files
Waiting till all child processes complete..
Average time is 8854.840833
28672	4988.600000
28672	5435.320000
28672	4871.440000
28672	5007.040000
28672	4976.360000
28672	4958.120000
28672	4856.520000
28672	23987.280000
28672	4870.240000
28672	4882.200000
28672	4907.040000
28672	4905.120000
28672	4922.760000
28672	4930.400000
28672	4876.160000
28672	4940.040000
28672	4918.160000
28672	4892.800000
28672	4939.040000
28672	4927.960000
28672	4924.680000
28672	5146.280000
28672	4992.440000
28672	4963.760000
28672	4937.000000
28672	4906.360000
28672	8728.480000
28672	4960.080000
28672	4833.000000
28672	4818.120000
28672	4861.160000
28672	5127.400000
28672	5100.040000
28672	4842.760000
28672	4802.200000
28672	4846.080000
28672	221301.480000
28672	4834.720000
28672	4822.480000
28672	4823.360000
28672	4856.160000
28672	4936.440000
28672	4947.520000
28672	5016.040000
28672	4947.120000
28672	4996.840000
28672	5028.520000
28672	59930.520000
Starting reads on all files
Waiting till all child processes complete..
Average time is 11067.159167
28672	6122.560000
28672	5104.760000
28672	4842.440000
28672	4803.840000
28672	4841.200000
28672	4920.080000
28672	5026.720000
28672	4989.040000
28672	4923.680000
28672	5199.600000
28672	4910.040000
28672	4912.200000
28672	4900.000000
28672	4903.880000
28672	4922.400000
28672	4934.000000
28672	4949.120000
28672	5010.960000
28672	4924.080000
28672	5110.080000
28672	4905.040000
28672	5051.840000
28672	4991.400000
28672	4931.600000
28672	4937.720000
28672	4949.720000
28672	39043.960000
28672	4977.400000
28672	4973.880000
28672	4894.120000
28672	4965.320000
28672	5078.080000
28672	4927.840000
28672	4875.520000
28672	4951.800000
28672	5153.880000
28672	4975.360000
28672	5022.000000
28672	4932.920000
28672	4999.200000
28672	5090.280000
28672	4911.840000
28672	4965.760000
28672	4992.760000
28672	5086.720000
28672	5060.160000
28672	4958.040000
28672	4986.600000
Starting reads on all files
Waiting till all child processes complete..
Average time is 5705.030000
28672	5193.880000
28672	4962.600000
28672	5586.200000
28672	4918.040000
28672	4976.560000
28672	4965.520000
28672	4955.520000
28672	4902.600000
28672	4990.440000
28672	4874.920000
28672	4821.320000
28672	4902.480000
28672	4974.760000
28672	4920.240000
28672	4895.920000
28672	4940.680000
28672	4952.880000
28672	4885.960000
28672	4837.400000
28672	5690.960000
28672	4879.720000
28672	5192.920000
28672	4876.920000
28672	4899.160000
28672	4912.480000
28672	4871.120000
28672	4989.360000
28672	4896.480000
28672	4760.120000
28672	4920.120000
28672	4914.240000
28672	4912.800000
28672	4994.280000
28672	4852.720000
28672	5177.600000
28672	4897.680000
28672	4913.440000
28672	4930.240000
28672	4878.680000
28672	5112.520000
28672	4949.600000
28672	8701.000000
28672	4783.920000
28672	4998.560000
28672	4985.120000
28672	4947.360000
28672	4979.520000
28672	4886.280000
Starting reads on all files
Waiting till all child processes complete..
Average time is 5045.059167
28672	5100.960000
28672	4812.480000
28672	4879.960000
28672	4836.200000
28672	4918.520000
28672	14272.440000
28672	4934.720000
28672	4830.240000
28672	4793.880000
28672	4956.600000
28672	4816.760000
28672	4858.280000
28672	5036.680000
28672	4866.320000
28672	4834.680000
28672	4838.560000
28672	4845.440000
28672	4825.520000
28672	4999.440000
28672	4929.960000
28672	4907.120000
28672	4898.040000
28672	4847.440000
28672	4951.800000
28672	4926.480000
28672	4846.280000
28672	4943.280000
28672	5166.760000
28672	4870.000000
28672	4956.000000
28672	5139.120000
28672	4851.000000
28672	4798.160000
28672	4816.600000
28672	4949.320000
28672	4958.040000
28672	15099.400000
28672	4845.960000
28672	4997.960000
28672	4849.480000
28672	4817.000000
28672	5003.760000
28672	4832.840000
28672	4919.400000
28672	4828.760000
28672	4838.360000
28672	4887.240000
28672	237114.040000
Starting reads on all files
Waiting till all child processes complete..
Average time is 10146.818333
28672	5130.440000
28672	4871.480000
28672	4852.720000
28672	4834.080000
28672	14504.760000
28672	4834.800000
28672	4839.560000
28672	4832.720000
28672	4841.120000
28672	4847.720000
28672	4814.200000
28672	4834.360000
28672	4689.000000
28672	4820.640000
28672	4824.160000
28672	5660.160000
28672	4789.240000
28672	4852.040000
28672	4637.160000
28672	4824.320000
28672	4845.320000
28672	4926.520000
28672	4884.400000
28672	4878.720000
28672	5043.800000
28672	4915.000000
28672	4966.080000
28672	4845.720000
28672	4911.520000
28672	4964.000000
28672	4926.520000
28672	4820.840000
28672	4797.440000
28672	4819.880000
28672	4959.440000
28672	5153.680000
28672	4924.400000
28672	4889.600000
28672	4936.120000
28672	4874.600000
28672	4856.120000
28672	4993.360000
28672	4828.240000
28672	4863.720000
28672	4913.680000
28672	4802.160000
28672	4794.320000
28672	32739.440000
Starting reads on all files
Waiting till all child processes complete..
Average time is 5671.027500
28672	5073.120000
28672	4876.000000
28672	4822.360000
28672	4848.360000
28672	4845.400000
28672	4844.200000
28672	4831.240000
28672	4815.760000
28672	4793.080000
28672	8566.880000
28672	5414.000000
28672	4956.960000
28672	4835.480000
28672	4965.120000
28672	4838.800000
28672	4880.760000
28672	5062.760000
28672	4897.520000
28672	5005.960000
28672	4873.920000
28672	4868.480000
28672	5053.240000
28672	4968.160000
28672	4911.600000
28672	4975.840000
28672	4837.600000
28672	4876.640000
28672	4814.440000
28672	5268.880000
28672	4916.280000
28672	5202.040000
28672	8588.280000
28672	4931.560000
28672	8758.840000
28672	4884.240000
28672	4854.000000
28672	4992.160000
28672	4980.960000
28672	4782.840000
28672	4930.920000
28672	4904.840000
28672	4848.480000
28672	4867.440000
28672	4917.920000
28672	5036.720000
28672	8636.840000
28672	4807.040000
28672	80551.400000
Starting reads on all files
Waiting till all child processes complete..
Average time is 6812.820000
28672	5085.800000
28672	4846.040000
28672	5008.000000
28672	4825.160000
28672	4921.280000
28672	4940.400000
28672	4926.160000
28672	8646.520000
28672	5009.880000
28672	4943.480000
28672	4922.880000
28672	5019.120000
28672	4920.640000
28672	4834.600000
28672	4923.240000
28672	4864.320000
28672	4847.680000
28672	4838.840000
28672	4831.720000
28672	4853.520000
28672	4842.200000
28672	5018.560000
28672	4979.760000
28672	4911.840000
28672	30524.440000
28672	5022.080000
28672	5024.920000
28672	4992.200000
28672	4975.120000
28672	4977.400000
28672	5036.680000
28672	4945.160000
28672	4994.040000
28672	5064.120000
28672	4978.160000
28672	4931.120000
28672	4998.960000
28672	4939.960000
28672	4907.480000
28672	5124.480000
28672	5014.240000
28672	4986.520000
28672	4915.280000
28672	5041.960000
28672	4913.640000
28672	5349.080000
28672	5126.680000
28672	98774.640000
Starting reads on all files
Waiting till all child processes complete..
Average time is 7527.500000
28672	5027.920000
28672	4957.560000
28672	4869.640000
28672	4840.480000
28672	4904.480000
28672	4878.480000
28672	4813.280000
28672	4948.120000
28672	4884.160000
28672	4894.840000
28672	4905.000000
28672	4943.440000
28672	4923.920000
28672	4863.400000
28672	4900.720000
28672	5170.080000
28672	8677.240000
28672	4953.240000
28672	4887.480000
28672	8633.760000
28672	4920.360000
28672	4988.720000
28672	4971.680000
28672	4899.000000
28672	5883.680000
28672	5010.680000
28672	4892.440000
28672	4858.640000
28672	5078.440000
28672	8576.840000
28672	4951.480000
28672	4997.600000
28672	5353.080000
28672	4904.560000
28672	4933.680000
28672	4993.640000
28672	4874.920000
28672	4996.280000
28672	5079.320000
28672	4985.920000
28672	4982.400000
28672	6138.840000
28672	4930.040000
28672	4939.200000
28672	4829.200000
28672	4966.920000
28672	5082.520000
28672	4975.720000
Starting reads on all files
Waiting till all child processes complete..
Average time is 5226.521667
28672	5059.600000
28672	4935.480000
28672	4940.320000
28672	5018.960000
28672	4941.040000
28672	4963.920000
28672	4988.680000
28672	5213.240000
28672	4892.280000
28672	4838.040000
28672	4884.960000
28672	4875.680000
28672	4917.520000
28672	4891.240000
28672	4954.080000
28672	4842.960000
28672	4983.640000
28672	4950.600000
28672	8740.880000
28672	5227.600000
28672	4985.800000
28672	4918.000000
28672	4894.160000
28672	4807.200000
28672	4823.840000
28672	4956.080000
28672	4880.480000
28672	4971.560000
28672	4857.840000
28672	5504.960000
28672	4959.400000
28672	4974.800000
28672	4906.080000
28672	4942.400000
28672	4988.200000
28672	4953.760000
28672	5021.120000
28672	4991.640000
28672	5034.520000
28672	4984.920000
28672	5027.080000
28672	4991.040000
28672	4910.520000
28672	4968.840000
28672	5762.000000
28672	4983.040000
28672	4964.600000
28672	5136.280000
Starting reads on all files
Waiting till all child processes complete..
Average time is 5065.851667
28672	5415.440000
28672	4891.120000
28672	4944.160000
28672	4800.880000
28672	4912.800000
28672	8651.520000
28672	4895.040000
28672	4918.760000
28672	4938.840000
28672	4885.080000
28672	5070.880000
28672	4789.440000
28672	4965.400000
28672	4953.120000
28672	5242.000000
28672	4986.800000
28672	4846.320000
28672	5020.160000
28672	4927.480000
28672	4954.480000
28672	4972.360000
28672	4927.200000
28672	4953.520000
28672	5205.040000
28672	4904.080000
28672	4941.720000
28672	4927.360000
28672	4936.120000
28672	4905.400000
28672	4921.800000
28672	4914.560000
28672	4934.080000
28672	8790.920000
28672	5017.800000
28672	4953.880000
28672	4996.320000
28672	4955.880000
28672	4857.960000
28672	4992.000000
28672	8730.240000
28672	5044.800000
28672	4980.360000
28672	4896.560000
28672	4936.160000
28672	96080.360000
28672	5080.520000
28672	4994.760000
28672	4931.040000
Starting reads on all files
Waiting till all child processes complete..
Average time is 7097.760833
28672	5190.400000
28672	4897.880000
28672	4891.240000
28672	5748.720000
28672	4883.720000
28672	4852.600000
28672	4816.440000
28672	4916.280000
28672	5121.880000
28672	4817.480000
28672	4847.680000
28672	4772.800000
28672	4872.840000
28672	4843.960000
28672	4813.320000
28672	4907.960000
28672	4909.120000
28672	4945.920000
28672	4968.480000
28672	4930.840000
28672	4926.080000
28672	4959.680000
28672	4929.080000
28672	4998.600000
28672	4841.960000
28672	4923.480000
28672	209163.000000
28672	4951.760000
28672	8533.320000
28672	8663.040000
28672	4965.160000
28672	4935.600000
28672	4875.320000
28672	4809.480000
28672	4974.560000
28672	4938.560000
28672	4830.720000
28672	4922.280000
28672	4838.920000
28672	5090.760000
28672	4824.040000
28672	4894.800000
28672	4853.920000
28672	4831.920000
28672	5035.480000
28672	4805.480000
28672	4899.720000
28672	5959.440000
Starting reads on all files
Waiting till all child processes complete..
Average time is 9356.785833
28672	5214.000000
28672	4873.160000
28672	4876.520000
28672	4836.440000
28672	12348.080000
28672	4852.520000
28672	4841.640000
28672	4823.960000
28672	4835.400000
28672	4787.160000
28672	4822.800000
28672	4894.440000
28672	4827.520000
28672	4826.000000
28672	4955.640000
28672	4902.320000
28672	4919.960000
28672	5074.760000
28672	4956.720000
28672	5034.320000
28672	5017.680000
28672	8780.080000
28672	5078.960000
28672	4949.680000
28672	4888.960000
28672	4984.440000
28672	4970.280000
28672	5001.120000
28672	5049.280000
28672	4950.240000
28672	5035.240000
28672	8758.320000
28672	4994.320000
28672	5006.560000
28672	4885.200000
28672	5022.480000
28672	4970.560000
28672	4990.920000
28672	4958.960000
28672	5052.800000
28672	4962.040000
28672	5189.320000
28672	5054.120000
28672	4982.280000
28672	4939.800000
28672	78019.360000
28672	4930.000000
28672	4935.960000
Starting reads on all files
Waiting till all child processes complete..
Average time is 6788.798333
28672	5217.560000
28672	4852.080000
28672	5006.120000
28672	4849.200000
28672	4832.360000
28672	4889.520000
28672	4902.680000
28672	5176.920000
28672	4829.000000
28672	4843.280000
28672	4821.240000
28672	4839.080000
28672	4821.600000
28672	4951.880000
28672	4855.080000
28672	4793.600000
28672	4943.720000
28672	4822.840000
28672	4850.600000
28672	4873.200000
28672	4920.440000
28672	4927.400000
28672	4946.480000
28672	4833.400000
28672	4905.280000
28672	4836.040000
28672	4844.280000
28672	4904.960000
28672	4927.040000
28672	4912.840000
28672	4941.920000
28672	4828.160000
28672	4807.520000
28672	5003.880000
28672	4734.400000
28672	5133.520000
28672	4963.960000
28672	172460.320000
28672	4869.800000
28672	4855.840000
28672	4843.560000
28672	4829.320000
28672	8631.720000
28672	4974.800000
28672	6279.400000
28672	4884.920000
28672	4935.320000
28672	130386.520000
Starting reads on all files
Waiting till all child processes complete..
Average time is 11110.304167
28672	5259.200000
28672	4832.240000
28672	4871.200000
28672	4924.360000
28672	4798.440000
28672	4853.560000
28672	4849.280000
28672	4819.360000
28672	4812.920000
28672	8602.920000
28672	4842.720000
28672	4928.640000
28672	4911.200000
28672	4924.000000
28672	4928.520000
28672	4989.000000
28672	4881.440000
28672	8842.800000
28672	4840.880000
28672	4804.080000
28672	4957.560000
28672	4906.240000
28672	4883.560000
28672	4902.720000
28672	4890.400000
28672	4889.320000
28672	5306.360000
28672	4833.320000
28672	4885.640000
28672	4990.520000
28672	4949.720000
28672	4805.280000
28672	4852.040000
28672	4827.640000
28672	4810.600000
28672	5840.320000
28672	4864.720000
28672	4817.840000
28672	5075.080000
28672	4826.600000
28672	4826.600000
28672	4958.880000
28672	4918.640000
28672	4847.520000
28672	4875.120000
28672	4861.120000
28672	4875.320000
28672	4813.800000
Starting reads on all files
Waiting till all child processes complete..
Average time is 5075.192500
28672	5123.560000
28672	4853.040000
28672	4865.680000
28672	4960.320000
28672	4824.440000
28672	5123.440000
28672	4928.360000
28672	4905.320000
28672	4950.040000
28672	4969.880000
28672	4864.920000
28672	5774.520000
28672	4784.320000
28672	4844.680000
28672	4872.240000
28672	4832.880000
28672	4897.320000
28672	4953.280000
28672	4799.080000
28672	4836.880000
28672	4848.600000
28672	4920.760000
28672	4860.120000
28672	5002.440000
28672	4942.320000
28672	4918.960000
28672	4974.160000
28672	4812.720000
28672	4880.400000
28672	9437.880000
28672	4853.720000
28672	4841.720000
28672	4861.240000
28672	4826.560000
28672	4849.360000
28672	4847.360000
28672	4889.520000
28672	4869.680000
28672	4857.960000
28672	4896.360000
28672	4969.040000
28672	4941.880000
28672	5059.080000
28672	4895.960000
28672	4914.800000
28672	4963.000000
28672	4830.880000
28672	4914.160000
Starting reads on all files
Waiting till all child processes complete..
Average time is 5013.434167
28672	5167.440000
28672	4880.720000
28672	4785.920000
28672	14248.320000
28672	4824.200000
28672	4831.480000
28672	4804.040000
28672	4895.360000
28672	4909.040000
28672	4834.120000
28672	4891.200000
28672	4880.480000
28672	5530.960000
28672	8531.680000
28672	4768.960000
28672	4903.840000
28672	4925.840000
28672	4905.640000
28672	4943.240000
28672	4927.840000
28672	8714.000000
28672	4840.760000
28672	4946.280000
28672	4872.960000
28672	4945.720000
28672	4930.520000
28672	5137.520000
28672	4924.960000
28672	4834.200000
28672	4844.400000
28672	4837.600000
28672	4917.720000
28672	4960.520000
28672	4945.080000
28672	4878.880000
28672	4855.080000
28672	4881.640000
28672	5165.200000
28672	4854.480000
28672	4823.760000
28672	4827.000000
28672	4834.360000
28672	4844.600000
28672	4863.680000
28672	8676.520000
28672	4917.200000
28672	4907.880000
28672	4843.680000
Starting reads on all files
Waiting till all child processes complete..
Average time is 5337.844167
28672	5118.400000
28672	4827.000000
28672	4833.000000
28672	4950.440000
28672	4849.240000
28672	4860.120000
28672	5357.640000
28672	4808.200000
28672	4807.480000
28672	4794.360000
28672	4847.680000
28672	4829.760000
28672	4849.040000
28672	4927.160000
28672	4926.960000
28672	4881.680000
28672	4931.760000
28672	4946.880000
28672	4903.760000
28672	8605.720000
28672	4925.680000
28672	6150.880000
28672	4898.800000
28672	4862.080000
28672	4906.560000
28672	4855.920000
28672	4830.160000
28672	4922.920000
28672	4859.080000
28672	13911.760000
28672	4846.400000
28672	4844.640000
28672	4911.440000
28672	4944.680000
28672	4913.880000
28672	4929.640000
28672	5134.760000
28672	5826.080000
28672	4937.360000
28672	4937.080000
28672	4895.600000
28672	128583.080000
28672	4990.600000
28672	4987.240000
28672	4892.240000
28672	4872.640000
28672	5329.560000
28672	8621.240000
Starting reads on all files
Waiting till all child processes complete..
Average time is 7882.880833
28672	4843.960000
28672	5446.840000
28672	5073.080000
28672	4817.160000
28672	4913.440000
28672	5037.320000
28672	4946.760000
28672	4835.520000
28672	4939.000000
28672	8739.800000
28672	4938.720000
28672	4830.800000
28672	4962.440000
28672	4962.760000
28672	63177.240000
28672	5007.760000
28672	4922.680000
28672	4915.440000
28672	4996.480000
28672	4929.880000
28672	4997.280000
28672	4960.000000
28672	4977.400000
28672	5337.040000
28672	5024.240000
28672	5009.840000
28672	5103.680000
28672	4953.640000
28672	4953.320000
28672	5053.840000
28672	8721.320000
28672	4953.480000
28672	4893.040000
28672	4997.840000
28672	4981.360000
28672	5119.280000
28672	5014.400000
28672	5002.400000
28672	4984.840000
28672	5240.880000
28672	4978.880000
28672	5016.880000
28672	5171.160000
28672	4989.240000
28672	4985.640000
28672	4863.960000
28672	5136.160000
28672	4915.440000
Starting reads on all files
Waiting till all child processes complete..
Average time is 6366.115833
