28672	5050.600000
28672	5044.760000
28672	4886.080000
28672	4842.320000
28672	4920.280000
28672	4903.480000
28672	4968.520000
28672	4867.040000
28672	4890.240000
28672	4866.800000
28672	5047.280000
28672	5002.400000
28672	5001.680000
28672	4920.840000
28672	4798.240000
28672	4921.840000
28672	4974.640000
28672	4975.800000
28672	4897.840000
28672	5088.040000
28672	4950.680000
28672	4880.840000
28672	4941.560000
28672	5029.800000
28672	5010.160000
28672	5026.920000
28672	4940.520000
28672	8633.320000
28672	5286.760000
28672	5024.240000
28672	4910.680000
28672	5086.920000
28672	4894.600000
28672	5071.520000
28672	5106.440000
28672	5004.720000
28672	5032.200000
28672	4989.960000
28672	4794.920000
28672	5078.240000
28672	4921.480000
28672	4951.000000
28672	5032.160000
28672	4829.840000
28672	4960.280000
28672	4814.560000
28672	5270.720000
28672	5008.320000
28672	5061.680000
28672	5193.560000
28672	4891.520000
28672	5049.480000
28672	4985.760000
28672	5099.760000
28672	4978.200000
28672	4921.440000
28672	5418.600000
28672	5180.840000
28672	4978.040000
28672	4909.280000
28672	4872.080000
28672	5190.680000
28672	135973.160000
28672	10797.000000
Starting reads on all files
Waiting till all child processes complete..
Average time is 7185.205625
28672	5108.600000
28672	4809.160000
28672	4941.800000
28672	4804.120000
28672	4821.080000
28672	4832.440000
28672	4931.640000
28672	4911.040000
28672	4797.520000
28672	4899.160000
28672	4846.240000
28672	4835.040000
28672	5106.840000
28672	4836.440000
28672	4879.000000
28672	4904.040000
28672	4902.880000
28672	5077.320000
28672	4953.280000
28672	4984.880000
28672	4994.480000
28672	4901.440000
28672	4978.040000
28672	5335.920000
28672	4975.120000
28672	5123.000000
28672	4970.680000
28672	5086.920000
28672	4897.720000
28672	4846.440000
28672	4936.360000
28672	4850.040000
28672	4710.360000
28672	4934.080000
28672	4905.320000
28672	4828.240000
28672	4823.840000
28672	23915.600000
28672	5025.640000
28672	4981.160000
28672	4910.720000
28672	265569.000000
28672	4992.160000
28672	4883.840000
28672	4967.080000
28672	4938.880000
28672	4841.440000
28672	5043.160000
28672	4933.640000
28672	4874.320000
28672	4789.840000
28672	4857.960000
28672	4896.360000
28672	5115.880000
28672	4828.400000
28672	4889.680000
28672	4880.560000
28672	4819.960000
28672	4803.040000
28672	4982.720000
28672	5136.640000
28672	4837.320000
28672	4833.640000
28672	4858.880000
Starting reads on all files
Waiting till all child processes complete..
Average time is 9292.000625
28672	5146.280000
28672	8679.600000
28672	4832.840000
28672	4996.440000
28672	4843.080000
28672	4872.400000
28672	4889.200000
28672	4843.280000
28672	4834.320000
28672	4843.240000
28672	4893.560000
28672	4828.200000
28672	4830.840000
28672	4842.640000
28672	4860.640000
28672	4794.080000
28672	4907.000000
28672	4900.800000
28672	4990.560000
28672	4922.440000
28672	4914.120000
28672	4888.160000
28672	4922.440000
28672	4887.120000
28672	4772.480000
28672	4890.000000
28672	4810.000000
28672	4766.080000
28672	4806.920000
28672	4835.200000
28672	5545.920000
28672	5133.400000
28672	5098.480000
28672	5002.600000
28672	4833.400000
28672	4896.080000
28672	4947.440000
28672	4893.000000
28672	5006.200000
28672	4848.400000
28672	4852.320000
28672	4963.920000
28672	4865.800000
28672	4885.200000
28672	5004.760000
28672	4911.600000
28672	4839.360000
28672	4973.560000
28672	4824.560000
28672	4812.800000
28672	4918.320000
28672	5047.120000
28672	4843.760000
28672	5111.360000
28672	4811.200000
28672	4859.640000
28672	5915.600000
28672	4852.560000
28672	4866.800000
28672	4909.400000
28672	4933.560000
28672	4895.320000
28672	4929.120000
28672	4832.680000
Starting reads on all files
Waiting till all child processes complete..
Average time is 4982.956250
28672	5200.800000
28672	4829.880000
28672	4870.760000
28672	4845.400000
28672	4890.440000
28672	8605.440000
28672	4841.600000
28672	4835.960000
28672	5019.200000
28672	4863.640000
28672	4824.600000
28672	5215.520000
28672	5007.440000
28672	4831.400000
28672	4868.720000
28672	4852.360000
28672	4926.520000
28672	4845.960000
28672	4938.360000
28672	5063.040000
28672	4812.640000
28672	4852.080000
28672	5082.240000
28672	4916.240000
28672	4993.960000
28672	5101.920000
28672	8581.120000
28672	4860.360000
28672	4822.880000
28672	4806.840000
28672	4790.280000
28672	4852.600000
28672	4938.520000
28672	4915.320000
28672	4926.200000
28672	198230.840000
28672	4952.080000
28672	5060.040000
28672	4923.080000
28672	4858.720000
28672	4805.520000
28672	4827.720000
28672	4839.280000
28672	8579.280000
28672	4841.400000
28672	4876.000000
28672	4918.160000
28672	4939.800000
28672	4928.520000
28672	4833.520000
28672	4822.480000
28672	5220.360000
28672	4828.640000
28672	4809.600000
28672	4867.840000
28672	4906.320000
28672	4846.080000
28672	4826.120000
28672	4808.680000
28672	4886.720000
28672	4833.440000
28672	8575.360000
28672	4842.960000
28672	4837.880000
Starting reads on all files
Waiting till all child processes complete..
Average time is 8152.448125
28672	5029.680000
28672	5212.680000
28672	4911.200000
28672	4909.000000
28672	4950.320000
28672	4945.200000
28672	5054.520000
28672	4876.560000
28672	4888.600000
28672	4968.800000
28672	4974.400000
28672	4953.880000
28672	4900.280000
28672	4942.320000
28672	4885.280000
28672	4878.120000
28672	4902.280000
28672	4842.440000
28672	4899.240000
28672	4920.920000
28672	4942.600000
28672	4877.600000
28672	4952.240000
28672	4943.800000
28672	4980.000000
28672	4930.120000
28672	5052.200000
28672	4941.360000
28672	4963.080000
28672	4869.880000
28672	4902.680000
28672	4935.000000
28672	4891.360000
28672	5108.520000
28672	4991.320000
28672	5162.080000
28672	4971.680000
28672	4915.400000
28672	8773.840000
28672	4968.520000
28672	4744.880000
28672	4827.800000
28672	4973.560000
28672	4833.520000
28672	4907.760000
28672	4891.640000
28672	4926.560000
28672	4872.520000
28672	4984.280000
28672	5091.760000
28672	359422.480000
28672	4922.320000
28672	131142.240000
28672	4843.600000
28672	4903.920000
28672	5009.960000
28672	4780.920000
28672	4850.480000
28672	4856.960000
28672	4856.320000
28672	4955.240000
28672	5128.400000
28672	4961.320000
28672	4913.600000
Starting reads on all files
Waiting till all child processes complete..
Average time is 12508.141250
28672	5117.480000
28672	4880.520000
28672	4992.480000
28672	4807.720000
28672	4876.560000
28672	4844.000000
28672	4930.200000
28672	4913.080000
28672	5164.440000
28672	8611.720000
28672	4871.920000
28672	4834.760000
28672	4899.320000
28672	4832.320000
28672	8606.680000
28672	4856.600000
28672	4916.720000
28672	4919.840000
28672	4902.040000
28672	4816.280000
28672	4847.160000
28672	4877.480000
28672	4932.600000
28672	4944.320000
28672	4896.800000
28672	4854.280000
28672	4855.480000
28672	4850.400000
28672	5014.000000
28672	5153.480000
28672	5040.760000
28672	4931.600000
28672	4939.600000
28672	4978.800000
28672	4919.960000
28672	4875.200000
28672	5343.720000
28672	4857.560000
28672	4889.200000
28672	4970.440000
28672	4873.480000
28672	4823.520000
28672	5037.840000
28672	4894.480000
28672	4868.040000
28672	8583.640000
28672	4855.000000
28672	4868.760000
28672	4853.880000
28672	4841.840000
28672	5132.880000
28672	5685.720000
28672	4995.160000
28672	4853.320000
28672	5126.000000
28672	4815.720000
28672	4841.560000
28672	5024.000000
28672	4897.560000
28672	4897.200000
28672	5192.080000
28672	4931.400000
28672	4835.200000
28672	5894.760000
Starting reads on all files
Waiting till all child processes complete..
Average time is 5127.977500
28672	4915.800000
28672	4966.880000
28672	4933.200000
28672	4936.840000
28672	5089.120000
28672	4902.840000
28672	5532.160000
28672	4950.840000
28672	4981.440000
28672	5138.960000
28672	4960.760000
28672	5076.720000
28672	5184.160000
28672	4920.320000
28672	5138.840000
28672	4976.840000
28672	4978.760000
28672	4919.080000
28672	4919.520000
28672	5081.040000
28672	5031.520000
28672	4961.480000
28672	4905.560000
28672	5021.600000
28672	4960.080000
28672	5929.960000
28672	4927.880000
28672	4974.320000
28672	4981.280000
28672	4948.680000
28672	5039.560000
28672	5055.520000
28672	5013.960000
28672	4994.160000
28672	5104.920000
28672	5045.640000
28672	5019.120000
28672	4993.560000
28672	5034.720000
28672	4969.800000
28672	4993.040000
28672	4984.520000
28672	4990.000000
28672	5039.040000
28672	4973.040000
28672	4974.240000
28672	4994.040000
28672	5117.760000
28672	5044.600000
28672	5006.720000
28672	4929.040000
28672	5035.440000
28672	5000.520000
28672	5008.960000
28672	4995.760000
28672	5070.200000
28672	5032.320000
28672	5049.960000
28672	4975.840000
28672	4969.920000
28672	5073.880000
28672	4980.520000
28672	5159.080000
28672	63564.640000
Starting reads on all files
Waiting till all child processes complete..
Average time is 5943.445625
28672	5061.200000
28672	5077.400000
28672	4960.200000
28672	4976.760000
28672	4868.080000
28672	4877.880000
28672	4933.680000
28672	4885.720000
28672	5186.960000
28672	5003.160000
28672	5013.680000
28672	4883.760000
28672	4971.680000
28672	5213.560000
28672	4989.720000
28672	4924.280000
28672	8719.800000
28672	4991.600000
28672	5397.080000
28672	4929.200000
28672	4903.400000
28672	5244.200000
28672	4931.480000
28672	4941.520000
28672	5053.040000
28672	5034.240000
28672	5243.120000
28672	4898.920000
28672	217004.200000
28672	4999.000000
28672	5026.200000
28672	4983.080000
28672	5012.560000
28672	4973.240000
28672	5066.560000
28672	5000.640000
28672	4973.520000
28672	5133.480000
28672	4902.080000
28672	5085.560000
28672	4963.240000
28672	5025.840000
28672	5017.560000
28672	5042.760000
28672	4963.240000
28672	5073.360000
28672	4933.080000
28672	5261.000000
28672	5041.240000
28672	4955.400000
28672	5075.560000
28672	5026.000000
28672	4995.480000
28672	6050.440000
28672	4974.880000
28672	4980.520000
28672	5095.240000
28672	4912.480000
28672	5062.200000
28672	5018.920000
28672	4938.560000
28672	5026.280000
28672	4926.360000
28672	5000.480000
Starting reads on all files
Waiting till all child processes complete..
Average time is 8400.555625
28672	8804.720000
28672	4862.240000
28672	4873.360000
28672	4924.800000
28672	4879.720000
28672	4833.680000
28672	4950.720000
28672	4916.440000
28672	4959.400000
28672	4907.040000
28672	4864.080000
28672	5073.040000
28672	4916.240000
28672	4906.360000
28672	4836.080000
28672	4831.960000
28672	4960.600000
28672	4963.000000
28672	5046.920000
28672	4936.920000
28672	4900.080000
28672	5730.040000
28672	4921.800000
28672	4916.280000
28672	5072.400000
28672	4919.800000
28672	8583.240000
28672	4921.880000
28672	5004.800000
28672	4890.520000
28672	5120.680000
28672	5016.040000
28672	5051.640000
28672	4886.360000
28672	4891.760000
28672	4888.600000
28672	4997.200000
28672	4919.280000
28672	5072.040000
28672	5017.400000
28672	5092.520000
28672	4874.960000
28672	5005.440000
28672	4897.280000
28672	5338.280000
28672	4905.280000
28672	4897.200000
28672	5022.600000
28672	4993.560000
28672	4857.280000
28672	5118.160000
28672	4973.200000
28672	4914.680000
28672	5021.440000
28672	4988.400000
28672	4973.880000
28672	5908.160000
28672	4927.760000
28672	4921.680000
28672	5099.440000
28672	4886.520000
28672	4923.360000
28672	5024.320000
28672	4945.840000
Starting reads on all files
Waiting till all child processes complete..
Average time is 5101.256250
28672	5480.360000
28672	4948.120000
28672	5003.040000
28672	4964.760000
28672	4945.440000
28672	4888.880000
28672	4974.280000
28672	4993.760000
28672	4923.920000
28672	4942.280000
28672	4969.640000
28672	4990.600000
28672	4873.600000
28672	4934.680000
28672	5046.760000
28672	5072.720000
28672	5023.080000
28672	5211.760000
28672	4823.240000
28672	4850.400000
28672	5117.320000
28672	4983.680000
28672	4948.920000
28672	4791.240000
28672	5009.760000
28672	4917.880000
28672	5093.960000
28672	4965.280000
28672	4905.720000
28672	4896.800000
28672	4893.440000
28672	4891.040000
28672	4878.360000
28672	5027.040000
28672	4973.760000
28672	4987.720000
28672	311172.640000
28672	5027.280000
28672	4992.000000
28672	4975.280000
28672	5030.080000
28672	5000.800000
28672	4921.200000
28672	4894.440000
28672	5157.800000
28672	4882.120000
28672	5165.720000
28672	4822.680000
28672	4860.440000
28672	5002.560000
28672	5016.040000
28672	4917.400000
28672	5045.600000
28672	4990.880000
28672	5015.640000
28672	5011.120000
28672	4951.320000
28672	4968.440000
28672	6131.360000
28672	4793.800000
28672	5098.720000
28672	4995.400000
28672	4944.280000
28672	201077.040000
Starting reads on all files
Waiting till all child processes complete..
Average time is 12843.833125
