28672	5143.600000
28672	4776.320000
28672	4807.960000
28672	8517.000000
28672	4831.920000
28672	4762.880000
28672	4864.160000
28672	4797.560000
28672	4856.040000
28672	4833.160000
28672	4953.280000
28672	4817.160000
28672	4758.560000
28672	4722.360000
28672	4829.520000
28672	4812.920000
Starting reads on all files
Waiting till all child processes complete..
Average time is 5067.775000
28672	4884.880000
28672	5150.400000
28672	4887.160000
28672	4830.280000
28672	4772.360000
28672	4830.640000
28672	4830.280000
28672	4875.760000
28672	4802.680000
28672	4821.880000
28672	5471.800000
28672	4836.120000
28672	4847.840000
28672	4820.760000
28672	4903.400000
28672	4849.880000
Starting reads on all files
Waiting till all child processes complete..
Average time is 4901.007500
28672	5115.600000
28672	5038.640000
28672	4898.200000
28672	4834.400000
28672	4951.560000
28672	4850.760000
28672	4910.760000
28672	5030.360000
28672	4928.320000
28672	4845.520000
28672	4968.360000
28672	4914.400000
28672	4934.880000
28672	4923.400000
28672	4947.160000
28672	4882.360000
Starting reads on all files
Waiting till all child processes complete..
Average time is 4935.917500
28672	4889.480000
28672	5272.880000
28672	23795.480000
28672	4848.360000
28672	4840.320000
28672	4817.480000
28672	4920.960000
28672	4786.960000
28672	8548.560000
28672	4789.160000
28672	4903.680000
28672	4815.000000
28672	4890.000000
28672	4798.040000
28672	4911.960000
28672	4870.360000
Starting reads on all files
Waiting till all child processes complete..
Average time is 6293.667500
28672	5070.720000
28672	4971.000000
28672	4937.040000
28672	4926.520000
28672	4885.360000
28672	4921.520000
28672	4898.680000
28672	4846.960000
28672	4916.160000
28672	4924.720000
28672	4899.880000
28672	5170.560000
28672	4922.920000
28672	4962.440000
28672	4899.560000
28672	4888.120000
Starting reads on all files
Waiting till all child processes complete..
Average time is 4940.135000
28672	5129.280000
28672	4777.360000
28672	4838.840000
28672	4779.520000
28672	4902.360000
28672	4852.760000
28672	4841.000000
28672	4820.960000
28672	4839.320000
28672	4815.760000
28672	4866.000000
28672	4848.760000
28672	4814.720000
28672	4827.960000
28672	4826.920000
28672	4853.720000
Starting reads on all files
Waiting till all child processes complete..
Average time is 4852.202500
28672	5109.920000
28672	4826.520000
28672	4757.920000
28672	4839.440000
28672	4832.400000
28672	4838.400000
28672	4840.880000
28672	4843.040000
28672	4840.080000
28672	4866.640000
28672	4845.080000
28672	4832.320000
28672	4915.760000
28672	4826.920000
28672	4839.040000
28672	4942.200000
Starting reads on all files
Waiting till all child processes complete..
Average time is 4862.285000
28672	5082.600000
28672	5021.680000
28672	14100.240000
28672	4848.720000
28672	4835.640000
28672	4840.520000
28672	4919.280000
28672	4775.120000
28672	4830.000000
28672	4816.560000
28672	4851.120000
28672	4756.200000
28672	4817.320000
28672	4770.480000
28672	4863.240000
28672	4841.720000
Starting reads on all files
Waiting till all child processes complete..
Average time is 5435.652500
28672	4921.960000
28672	4959.240000
28672	4831.880000
28672	4890.640000
28672	4852.400000
28672	4807.200000
28672	4920.960000
28672	5083.480000
28672	4882.800000
28672	4910.240000
28672	4949.240000
28672	4908.000000
28672	4882.840000
28672	4885.200000
28672	5120.360000
28672	4907.440000
Starting reads on all files
Waiting till all child processes complete..
Average time is 4919.617500
28672	5205.840000
28672	4835.920000
28672	4831.960000
28672	4805.480000
28672	4802.360000
28672	4903.120000
28672	4827.440000
28672	4836.840000
28672	4886.080000
28672	4879.240000
28672	4880.080000
28672	4820.360000
28672	4801.920000
28672	4821.840000
28672	4885.680000
28672	4873.560000
Starting reads on all files
Waiting till all child processes complete..
Average time is 4868.607500
