32768	5875.560000
32768	5466.840000
32768	6021.160000
32768	5443.400000
32768	5568.360000
32768	5444.160000
32768	5476.280000
32768	5453.880000
32768	5595.920000
32768	5545.400000
32768	5564.480000
32768	5399.600000
32768	5530.280000
32768	5552.240000
32768	5493.920000
32768	5531.440000
32768	5589.160000
32768	5527.280000
32768	5428.040000
32768	5632.680000
32768	5642.560000
32768	5450.280000
32768	5457.120000
32768	5367.560000
32768	5500.960000
32768	5528.760000
32768	5702.880000
32768	5536.440000
32768	5413.040000
32768	5579.440000
32768	5421.440000
32768	5735.040000
32768	5412.080000
32768	5529.120000
32768	5394.640000
32768	5430.000000
32768	5505.480000
32768	5471.840000
32768	5370.200000
32768	5557.200000
32768	5463.680000
32768	5427.400000
32768	5995.560000
32768	5961.440000
32768	5505.840000
32768	5686.160000
32768	5384.840000
32768	5457.800000
Starting reads on all files
Waiting till all child processes complete..
Average time is 5542.268333
32768	6068.160000
32768	5493.000000
32768	5471.120000
32768	19255.680000
32768	5527.240000
32768	5398.720000
32768	5707.520000
32768	5516.960000
32768	5423.240000
32768	5644.680000
32768	5853.440000
32768	5497.800000
32768	5425.720000
32768	5596.040000
32768	5555.600000
32768	5541.120000
32768	5520.000000
32768	5605.080000
32768	5464.480000
32768	5385.480000
32768	5490.760000
32768	5625.680000
32768	5601.040000
32768	5527.120000
32768	6004.000000
32768	5587.880000
32768	5501.920000
32768	5405.040000
32768	5683.800000
32768	5585.560000
32768	5583.000000
32768	5545.680000
32768	5484.000000
32768	5412.880000
32768	5504.960000
32768	5503.280000
32768	5775.960000
32768	5545.520000
32768	5520.040000
32768	5535.720000
32768	5516.040000
32768	5411.760000
32768	5607.720000
32768	5437.400000
32768	5586.920000
32768	5539.960000
32768	5443.960000
32768	5474.560000
Starting reads on all files
Waiting till all child processes complete..
Average time is 5841.525833
32768	5826.080000
32768	5516.160000
32768	5448.640000
32768	5460.040000
32768	5519.760000
32768	5823.080000
32768	5414.320000
32768	5591.160000
32768	5543.880000
32768	5469.440000
32768	5525.080000
32768	5395.680000
32768	5414.800000
32768	5480.440000
32768	5432.600000
32768	5479.040000
32768	5493.520000
32768	5747.600000
32768	5567.640000
32768	5576.520000
32768	5674.600000
32768	5706.600000
32768	5954.440000
32768	5550.160000
32768	5601.880000
32768	5647.400000
32768	5592.720000
32768	5562.960000
32768	5593.880000
32768	9288.560000
32768	5763.640000
32768	5562.520000
32768	5689.600000
32768	5537.720000
32768	5652.120000
32768	5621.680000
32768	5591.360000
32768	5562.640000
32768	5517.240000
32768	5523.280000
32768	5484.040000
32768	5745.360000
32768	5630.280000
32768	5577.440000
32768	5564.840000
32768	5473.680000
32768	5556.640000
32768	218603.720000
Starting reads on all files
Waiting till all child processes complete..
Average time is 10094.926667
32768	5685.920000
32768	5631.280000
32768	5479.640000
32768	25348.160000
32768	5489.240000
32768	5402.920000
32768	5445.560000
32768	6169.160000
32768	5418.840000
32768	5425.040000
32768	5432.000000
32768	5419.480000
32768	9536.320000
32768	5649.720000
32768	5475.840000
32768	5447.560000
32768	5509.400000
32768	5548.160000
32768	5488.120000
32768	5502.800000
32768	9350.840000
32768	5545.600000
32768	5474.320000
32768	5462.440000
32768	5464.160000
32768	5662.800000
32768	5422.320000
32768	5416.440000
32768	5469.520000
32768	5429.760000
32768	5615.640000
32768	5418.800000
32768	5881.640000
32768	5314.600000
32768	5545.680000
32768	5408.720000
32768	5514.960000
32768	5652.480000
32768	5622.200000
32768	5494.640000
32768	5548.480000
32768	5511.400000
32768	5582.320000
32768	5395.360000
32768	5512.720000
32768	5502.840000
32768	5557.680000
32768	186147.400000
Starting reads on all files
Waiting till all child processes complete..
Average time is 9863.144167
32768	5863.080000
32768	5572.240000
32768	5460.200000
32768	5408.360000
32768	5404.000000
32768	5408.560000
32768	5457.520000
32768	5606.280000
32768	5645.920000
32768	5447.120000
32768	5450.440000
32768	5495.240000
32768	5346.640000
32768	5464.760000
32768	5661.600000
32768	5501.400000
32768	5528.360000
32768	5378.480000
32768	5430.200000
32768	5619.520000
32768	5390.400000
32768	5414.920000
32768	5465.680000
32768	5412.120000
32768	5450.000000
32768	9069.080000
32768	5449.240000
32768	5500.080000
32768	5497.080000
32768	5468.720000
32768	5494.440000
32768	5491.240000
32768	5555.480000
32768	5832.280000
32768	5436.200000
32768	5430.760000
32768	5385.160000
32768	5521.520000
32768	5532.920000
32768	5512.560000
32768	5682.600000
32768	5381.640000
32768	5461.320000
32768	5463.520000
32768	5540.000000
32768	5490.880000
32768	311926.400000
32768	31362.720000
Starting reads on all files
Waiting till all child processes complete..
Average time is 12495.185000
32768	5857.720000
32768	5564.760000
32768	5430.520000
32768	9146.440000
32768	5614.720000
32768	5502.640000
32768	5447.360000
32768	9613.560000
32768	5496.480000
32768	5511.360000
32768	5499.480000
32768	5839.840000
32768	5551.320000
32768	5498.600000
32768	5494.000000
32768	5743.120000
32768	5445.960000
32768	5559.800000
32768	5542.040000
32768	5689.200000
32768	5455.120000
32768	5503.760000
32768	5552.920000
32768	6316.640000
32768	5669.040000
32768	5542.920000
32768	5533.600000
32768	5458.000000
32768	5517.000000
32768	5502.560000
32768	5591.240000
32768	5655.640000
32768	5465.280000
32768	5454.960000
32768	6791.320000
32768	5485.440000
32768	5583.720000
32768	5677.440000
32768	5469.640000
32768	5516.040000
32768	5584.480000
32768	5603.920000
32768	5647.720000
32768	5522.480000
32768	5608.280000
32768	5398.280000
32768	5433.040000
32768	5519.600000
Starting reads on all files
Waiting till all child processes complete..
Average time is 5752.270833
32768	5721.000000
32768	5592.560000
32768	16023.200000
32768	5679.200000
32768	9223.200000
32768	5349.960000
32768	5422.800000
32768	5445.000000
32768	5478.280000
32768	5820.040000
32768	5781.320000
32768	5393.040000
32768	5394.200000
32768	5360.600000
32768	5527.120000
32768	5561.640000
32768	5445.320000
32768	5540.720000
32768	5543.200000
32768	5410.680000
32768	5532.720000
32768	5669.600000
32768	5480.520000
32768	5498.880000
32768	5570.520000
32768	5402.520000
32768	5463.440000
32768	5855.840000
32768	5548.160000
32768	5630.880000
32768	5395.440000
32768	5460.560000
32768	5441.760000
32768	5553.800000
32768	5502.960000
32768	5428.160000
32768	5460.760000
32768	5473.240000
32768	6209.720000
32768	5534.360000
32768	5565.400000
32768	5465.000000
32768	5474.720000
32768	5600.000000
32768	5474.240000
32768	5444.640000
32768	5397.000000
32768	5493.520000
Starting reads on all files
Waiting till all child processes complete..
Average time is 5827.946667
32768	5707.440000
32768	5791.360000
32768	5576.560000
32768	5534.640000
32768	5404.640000
32768	45279.920000
32768	5397.000000
32768	5253.760000
32768	5444.840000
32768	5415.760000
32768	5718.520000
32768	5409.840000
32768	5437.320000
32768	5461.560000
32768	5507.640000
32768	6012.200000
32768	5448.160000
32768	9398.400000
32768	5508.840000
32768	5473.240000
32768	5866.080000
32768	5506.120000
32768	5471.640000
32768	5583.120000
32768	5487.640000
32768	5513.480000
32768	5458.680000
32768	5482.720000
32768	5494.880000
32768	5558.960000
32768	5538.440000
32768	6523.480000
32768	5467.600000
32768	5436.400000
32768	5456.240000
32768	5526.880000
32768	5546.600000
32768	9086.480000
32768	5431.240000
32768	5573.400000
32768	5549.320000
32768	5483.040000
32768	5533.680000
32768	5463.120000
32768	5568.120000
32768	5391.800000
32768	44436.280000
32768	5759.280000
Starting reads on all files
Waiting till all child processes complete..
Average time is 7341.174167
32768	6125.840000
32768	9279.840000
32768	5557.720000
32768	5481.800000
32768	5476.320000
32768	5630.440000
32768	5434.880000
32768	5443.480000
32768	5454.920000
32768	5439.080000
32768	5436.280000
32768	5503.320000
32768	9247.680000
32768	5418.600000
32768	5524.720000
32768	5494.520000
32768	5598.160000
32768	5429.080000
32768	5607.440000
32768	5447.080000
32768	5480.920000
32768	5459.880000
32768	5474.400000
32768	5433.280000
32768	5448.960000
32768	5680.280000
32768	5483.640000
32768	5562.200000
32768	5468.920000
32768	5624.120000
32768	5479.120000
32768	5563.960000
32768	5729.000000
32768	5488.040000
32768	5481.000000
32768	5454.320000
32768	5857.240000
32768	5494.000000
32768	5539.640000
32768	5544.880000
32768	5553.160000
32768	5495.560000
32768	5653.120000
32768	5465.200000
32768	5528.480000
32768	5314.280000
32768	5492.760000
32768	73298.920000
Starting reads on all files
Waiting till all child processes complete..
Average time is 7095.426667
32768	5657.000000
32768	5442.760000
32768	5528.200000
32768	5396.800000
32768	5541.040000
32768	5517.280000
32768	5479.960000
32768	5501.840000
32768	5538.000000
32768	5429.960000
32768	5496.160000
32768	5578.360000
32768	5471.840000
32768	5561.400000
32768	5434.280000
32768	5471.440000
32768	5482.800000
32768	5721.080000
32768	5617.680000
32768	5652.520000
32768	5493.280000
32768	5568.200000
32768	9315.880000
32768	5539.600000
32768	5809.880000
32768	5475.480000
32768	5448.760000
32768	5903.480000
32768	5407.400000
32768	5478.280000
32768	5480.000000
32768	5456.840000
32768	5649.760000
32768	5592.440000
32768	5440.920000
32768	5780.640000
32768	5432.200000
32768	5454.480000
32768	5554.040000
32768	5578.960000
32768	5695.200000
32768	9260.960000
32768	9222.560000
32768	5901.400000
32768	5528.520000
32768	5760.160000
32768	5466.880000
32768	5496.800000
Starting reads on all files
Waiting till all child processes complete..
Average time is 5785.695833
