32768	5763.880000
32768	5495.520000
32768	5610.560000
32768	5702.440000
32768	5904.600000
32768	9274.800000
32768	5710.240000
32768	5400.320000
32768	5815.280000
32768	5554.880000
32768	5472.040000
32768	5546.520000
32768	5649.520000
32768	5442.200000
32768	5573.560000
32768	9258.520000
32768	5452.440000
32768	5847.520000
32768	5864.320000
32768	5454.480000
32768	5488.800000
32768	5461.680000
32768	5724.120000
32768	5734.040000
32768	5567.600000
32768	6659.000000
32768	5633.920000
32768	5619.240000
32768	5620.840000
32768	5586.280000
32768	5510.280000
32768	6086.520000
32768	5640.000000
32768	5536.120000
32768	5597.680000
32768	5550.160000
32768	5752.320000
32768	5707.600000
32768	6498.160000
32768	5820.120000
32768	5559.320000
32768	5509.800000
32768	5518.080000
32768	5496.280000
32768	5880.480000
32768	5556.520000
32768	5661.760000
32768	9271.160000
32768	5982.960000
32768	5779.640000
32768	9416.640000
32768	6161.840000
32768	5732.400000
32768	5644.160000
32768	5818.040000
32768	5504.560000
32768	5677.720000
32768	5616.360000
32768	9463.200000
32768	5575.920000
32768	5473.640000
32768	5359.760000
32768	5493.400000
32768	5507.240000
Starting reads on all files
Waiting till all child processes complete..
Average time is 5957.015625
32768	5906.120000
32768	5528.400000
32768	5494.680000
32768	5476.920000
32768	15479.680000
32768	5522.400000
32768	5809.920000
32768	5660.200000
32768	5530.240000
32768	5479.960000
32768	5583.760000
32768	5548.640000
32768	5625.640000
32768	5402.040000
32768	5874.680000
32768	5444.960000
32768	5504.560000
32768	5571.520000
32768	6266.600000
32768	5476.600000
32768	5765.800000
32768	5440.480000
32768	5505.400000
32768	5705.240000
32768	5385.600000
32768	5560.360000
32768	5444.160000
32768	5638.960000
32768	5444.240000
32768	5579.000000
32768	5527.280000
32768	5524.160000
32768	5693.800000
32768	5441.080000
32768	5577.680000
32768	5425.120000
32768	5586.520000
32768	5401.760000
32768	5443.080000
32768	5583.880000
32768	5419.960000
32768	5593.160000
32768	5589.080000
32768	5538.000000
32768	5585.600000
32768	5496.480000
32768	5428.480000
32768	5529.120000
32768	5516.000000
32768	5431.320000
32768	5395.640000
32768	5534.320000
32768	5527.680000
32768	5608.320000
32768	5655.360000
32768	5676.840000
32768	5426.720000
32768	5498.920000
32768	5556.520000
32768	5454.360000
32768	5477.040000
32768	5805.680000
32768	5575.800000
32768	5507.560000
Starting reads on all files
Waiting till all child processes complete..
Average time is 5713.891875
32768	5762.120000
32768	5400.440000
32768	5537.720000
32768	5461.360000
32768	5579.840000
32768	5479.000000
32768	5513.040000
32768	5447.160000
32768	5529.000000
32768	5349.920000
32768	5566.600000
32768	5434.960000
32768	5453.280000
32768	5488.200000
32768	5637.560000
32768	5525.720000
32768	5514.200000
32768	5491.000000
32768	5560.760000
32768	5521.240000
32768	5658.760000
32768	5546.080000
32768	5403.440000
32768	5505.280000
32768	5536.000000
32768	5700.960000
32768	5458.360000
32768	5436.680000
32768	5379.640000
32768	5586.960000
32768	5432.000000
32768	5430.880000
32768	5429.040000
32768	6116.240000
32768	5504.200000
32768	5545.400000
32768	5463.880000
32768	5414.920000
32768	5639.480000
32768	5368.920000
32768	5691.240000
32768	5583.760000
32768	5503.240000
32768	5798.120000
32768	5516.840000
32768	5422.320000
32768	5478.880000
32768	5508.920000
32768	5505.000000
32768	5443.880000
32768	5436.200000
32768	5468.160000
32768	5507.120000
32768	5458.000000
32768	5449.520000
32768	5443.400000
32768	9249.040000
32768	5473.160000
32768	5546.520000
32768	5416.360000
32768	5517.040000
32768	5573.400000
32768	5600.320000
32768	190620.200000
Starting reads on all files
Waiting till all child processes complete..
Average time is 8469.076250
32768	5887.240000
32768	5543.760000
32768	5454.600000
32768	5553.880000
32768	5452.120000
32768	5426.960000
32768	5436.400000
32768	5637.840000
32768	5716.040000
32768	5444.280000
32768	5439.920000
32768	5448.920000
32768	5503.360000
32768	5617.520000
32768	5441.560000
32768	5390.160000
32768	5405.360000
32768	5445.360000
32768	5533.080000
32768	5535.080000
32768	5538.480000
32768	5542.080000
32768	5603.240000
32768	5527.240000
32768	5506.800000
32768	5754.560000
32768	5517.480000
32768	5409.960000
32768	5432.920000
32768	5481.720000
32768	6450.000000
32768	9240.240000
32768	5528.720000
32768	5568.920000
32768	5489.200000
32768	5457.920000
32768	5419.600000
32768	5498.400000
32768	5531.240000
32768	5545.160000
32768	5505.040000
32768	5544.200000
32768	5516.160000
32768	5541.040000
32768	5457.520000
32768	5537.560000
32768	5498.520000
32768	5496.480000
32768	5533.400000
32768	5552.520000
32768	5472.960000
32768	5628.680000
32768	5401.760000
32768	9183.640000
32768	5457.400000
32768	144188.160000
32768	5508.080000
32768	5437.840000
32768	5908.440000
32768	5786.000000
32768	9164.160000
32768	5527.320000
32768	5937.840000
32768	5414.200000
Starting reads on all files
Waiting till all child processes complete..
Average time is 7883.691250
32768	5747.320000
32768	9318.920000
32768	5608.360000
32768	5466.280000
32768	5481.360000
32768	5455.800000
32768	5426.760000
32768	5715.760000
32768	5451.960000
32768	5441.360000
32768	9168.880000
32768	5444.440000
32768	9265.120000
32768	5836.240000
32768	5601.200000
32768	5452.000000
32768	5403.840000
32768	5734.280000
32768	5460.800000
32768	5528.480000
32768	5449.720000
32768	5547.320000
32768	5401.800000
32768	5505.640000
32768	5503.040000
32768	5524.640000
32768	5433.400000
32768	5402.320000
32768	5525.920000
32768	5591.200000
32768	5508.920000
32768	5420.680000
32768	5518.520000
32768	5447.280000
32768	5410.080000
32768	5460.720000
32768	5371.680000
32768	5513.000000
32768	5455.080000
32768	5434.000000
32768	5499.320000
32768	5580.080000
32768	5539.760000
32768	5555.160000
32768	6287.960000
32768	5556.200000
32768	5526.400000
32768	368928.440000
32768	5402.760000
32768	5430.360000
32768	5528.760000
32768	5528.920000
32768	5439.920000
32768	5410.920000
32768	5530.520000
32768	5511.160000
32768	5562.160000
32768	5424.560000
32768	5380.440000
32768	5758.080000
32768	5416.600000
32768	5538.560000
32768	327253.320000
32768	19656.040000
Starting reads on all files
Waiting till all child processes complete..
Average time is 16620.008125
32768	5608.880000
32768	5555.680000
32768	5545.080000
32768	5666.120000
32768	5571.720000
32768	5564.400000
32768	5635.520000
32768	5411.080000
32768	5521.280000
32768	5425.920000
32768	5476.120000
32768	5499.000000
32768	5657.680000
32768	5546.200000
32768	5549.680000
32768	5668.320000
32768	5556.440000
32768	5735.880000
32768	6424.920000
32768	5487.840000
32768	9549.520000
32768	5501.680000
32768	5514.440000
32768	5977.400000
32768	5471.240000
32768	5601.440000
32768	5668.200000
32768	5902.640000
32768	5612.280000
32768	5781.360000
32768	5637.240000
32768	5645.480000
32768	5610.720000
32768	5676.280000
32768	5797.880000
32768	5635.080000
32768	5625.720000
32768	6436.920000
32768	5900.680000
32768	5670.360000
32768	5584.520000
32768	5531.000000
32768	5616.600000
32768	6223.280000
32768	5537.280000
32768	5878.800000
32768	5486.200000
32768	5509.560000
32768	5769.520000
32768	5702.200000
32768	5559.000000
32768	5752.920000
32768	5617.520000
32768	5664.440000
32768	6248.800000
32768	5506.400000
32768	5543.720000
32768	5571.640000
32768	5573.680000
32768	5540.480000
32768	5623.200000
32768	5584.600000
32768	5846.240000
32768	5560.800000
Starting reads on all files
Waiting till all child processes complete..
Average time is 5724.323750
32768	5917.520000
32768	5562.560000
32768	5567.320000
32768	5481.000000
32768	5538.160000
32768	5583.880000
32768	5519.200000
32768	5474.120000
32768	5554.120000
32768	5846.840000
32768	6015.280000
32768	5454.040000
32768	5480.960000
32768	5520.960000
32768	5492.480000
32768	9394.680000
32768	5512.160000
32768	5569.320000
32768	5591.800000
32768	5592.080000
32768	5688.480000
32768	6087.840000
32768	5613.440000
32768	5565.520000
32768	5576.080000
32768	5616.560000
32768	5746.760000
32768	5633.160000
32768	5613.960000
32768	5630.880000
32768	5595.960000
32768	5561.240000
32768	5485.800000
32768	5594.240000
32768	5643.480000
32768	5517.800000
32768	5471.720000
32768	5487.040000
32768	5521.400000
32768	5525.240000
32768	5662.720000
32768	5570.760000
32768	5513.080000
32768	5926.200000
32768	5566.120000
32768	5498.240000
32768	5484.880000
32768	5657.720000
32768	9439.040000
32768	5653.440000
32768	5549.800000
32768	5516.080000
32768	5575.360000
32768	5563.960000
32768	5654.240000
32768	5606.040000
32768	5644.240000
32768	5556.040000
32768	5588.320000
32768	5521.320000
32768	5807.760000
32768	5538.040000
32768	5466.120000
32768	5519.200000
Starting reads on all files
Waiting till all child processes complete..
Average time is 5717.559375
32768	5943.840000
32768	5671.960000
32768	5545.560000
32768	12930.560000
32768	5513.520000
32768	15631.000000
32768	5668.880000
32768	5396.840000
32768	5492.640000
32768	5651.880000
32768	5511.920000
32768	5548.480000
32768	5608.240000
32768	123959.440000
32768	68743.960000
32768	5530.960000
32768	5484.120000
32768	5401.160000
32768	5673.640000
32768	5477.160000
32768	5489.600000
32768	5716.120000
32768	5434.480000
32768	5425.560000
32768	5519.880000
32768	5458.840000
32768	9348.160000
32768	5589.920000
32768	5576.000000
32768	5492.920000
32768	5488.920000
32768	5549.480000
32768	5601.600000
32768	5602.440000
32768	5545.000000
32768	5508.000000
32768	5528.720000
32768	5586.560000
32768	5585.400000
32768	5424.880000
32768	5500.840000
32768	5456.000000
32768	5595.840000
32768	5582.360000
32768	5457.200000
32768	5493.440000
32768	5748.680000
32768	5492.040000
32768	5514.120000
32768	5653.880000
32768	9305.680000
32768	5472.520000
32768	9344.560000
32768	5595.480000
32768	5530.320000
32768	6492.720000
32768	5776.600000
32768	5454.960000
32768	5876.720000
32768	5656.480000
32768	5607.480000
32768	5619.000000
32768	5552.960000
32768	5847.520000
Starting reads on all files
Waiting till all child processes complete..
Average time is 8866.963125
32768	5909.360000
32768	5440.960000
32768	5518.240000
32768	5511.400000
32768	5553.120000
32768	5657.560000
32768	5457.200000
32768	5501.920000
32768	5533.880000
32768	5502.800000
32768	9260.320000
32768	5573.880000
32768	5949.880000
32768	5534.520000
32768	5476.280000
32768	5529.600000
32768	5734.280000
32768	5538.000000
32768	5458.200000
32768	5547.560000
32768	6013.080000
32768	5479.560000
32768	5389.920000
32768	5710.200000
32768	9249.680000
32768	5455.760000
32768	5500.680000
32768	5573.920000
32768	5561.720000
32768	5386.560000
32768	5395.000000
32768	5432.960000
32768	5532.880000
32768	5468.680000
32768	5556.360000
32768	9408.960000
32768	5519.360000
32768	5542.320000
32768	5577.880000
32768	5459.880000
32768	5395.880000
32768	5455.960000
32768	5569.840000
32768	5469.400000
32768	10168.520000
32768	5483.360000
32768	5535.360000
32768	5488.400000
32768	5466.080000
32768	5444.680000
32768	5779.720000
32768	5428.400000
32768	5440.840000
32768	5509.120000
32768	5593.920000
32768	5471.000000
32768	5451.280000
32768	5541.040000
32768	5473.920000
32768	5481.320000
32768	5635.920000
32768	5528.320000
32768	5594.760000
32768	5500.120000
Starting reads on all files
Waiting till all child processes complete..
Average time is 5786.116875
32768	5740.320000
32768	5385.840000
32768	5558.160000
32768	5406.760000
32768	5583.480000
32768	9154.120000
32768	5517.760000
32768	5544.480000
32768	5397.880000
32768	5482.360000
32768	5471.400000
32768	5537.920000
32768	6203.480000
32768	5356.680000
32768	5459.720000
32768	5415.640000
32768	5435.560000
32768	5721.360000
32768	5510.360000
32768	5386.680000
32768	5496.040000
32768	5486.360000
32768	5699.600000
32768	5749.680000
32768	5524.120000
32768	5413.720000
32768	5412.480000
32768	5493.800000
32768	6040.040000
32768	5474.480000
32768	5515.920000
32768	5770.480000
32768	5454.880000
32768	5525.400000
32768	5466.560000
32768	5492.720000
32768	5438.360000
32768	5453.160000
32768	5419.880000
32768	6746.240000
32768	5428.600000
32768	5441.120000
32768	5503.960000
32768	5576.400000
32768	5525.320000
32768	9152.960000
32768	5468.200000
32768	5488.280000
32768	5532.320000
32768	5460.440000
32768	5514.200000
32768	5517.520000
32768	9251.160000
32768	5525.680000
32768	5441.320000
32768	5408.080000
32768	5481.440000
32768	5368.680000
32768	9201.640000
32768	5459.080000
32768	5598.720000
32768	5441.240000
32768	5612.840000
32768	5390.240000
Starting reads on all files
Waiting till all child processes complete..
Average time is 5767.708125
