32768	5744.360000
32768	5424.800000
32768	5436.760000
32768	5510.280000
32768	5811.480000
32768	5687.560000
32768	5893.360000
32768	5564.600000
32768	5527.960000
32768	5503.680000
32768	5576.880000
32768	5637.320000
32768	5487.000000
32768	5579.000000
32768	5650.040000
32768	5782.160000
32768	5790.800000
32768	5571.600000
32768	5643.280000
32768	5511.400000
32768	5601.120000
32768	5734.680000
32768	5639.200000
32768	5530.600000
32768	5564.360000
32768	5385.600000
32768	5404.880000
32768	5550.440000
32768	5760.560000
32768	5641.680000
32768	5557.040000
32768	5487.920000
Starting reads on all files
Waiting till all child processes complete..
Average time is 5599.762500
32768	5864.360000
32768	5537.440000
32768	5494.320000
32768	5467.080000
32768	5571.560000
32768	5476.800000
32768	5418.920000
32768	5489.480000
32768	5551.800000
32768	5451.440000
32768	5497.040000
32768	5710.520000
32768	5547.160000
32768	5499.000000
32768	5553.080000
32768	5462.400000
32768	5527.000000
32768	6231.800000
32768	5466.520000
32768	5673.440000
32768	5861.800000
32768	5478.040000
32768	5458.920000
32768	5598.200000
32768	5507.280000
32768	5457.440000
32768	5429.720000
32768	5590.800000
32768	5517.680000
32768	5418.000000
32768	5539.800000
32768	5431.920000
Starting reads on all files
Waiting till all child processes complete..
Average time is 5555.648750
32768	5833.520000
32768	5518.160000
32768	5470.120000
32768	5489.240000
32768	5425.960000
32768	5427.560000
32768	5447.960000
32768	5554.920000
32768	5402.840000
32768	5385.800000
32768	5712.160000
32768	5428.040000
32768	5503.640000
32768	5522.960000
32768	5509.520000
32768	5684.160000
32768	5559.080000
32768	5530.440000
32768	9246.600000
32768	5456.040000
32768	5535.240000
32768	5538.400000
32768	5712.720000
32768	5702.120000
32768	5956.120000
32768	5827.840000
32768	5518.800000
32768	5823.720000
32768	5510.160000
32768	5555.000000
32768	9220.720000
32768	5662.600000
Starting reads on all files
Waiting till all child processes complete..
Average time is 5802.255000
32768	5543.400000
32768	5554.120000
32768	5629.240000
32768	15518.200000
32768	5447.920000
32768	5659.520000
32768	5309.320000
32768	5440.560000
32768	5520.120000
32768	5840.840000
32768	5493.440000
32768	5481.080000
32768	5508.480000
32768	5525.400000
32768	5622.320000
32768	5487.800000
32768	5525.240000
32768	5547.800000
32768	5523.000000
32768	5561.560000
32768	5588.480000
32768	5465.240000
32768	220230.440000
32768	60552.880000
32768	5502.880000
32768	5572.240000
32768	5359.360000
32768	5724.720000
32768	5465.680000
32768	5553.280000
32768	5482.120000
32768	5354.640000
Starting reads on all files
Waiting till all child processes complete..
Average time is 14268.478750
32768	5771.680000
32768	5424.200000
32768	5437.440000
32768	5473.360000
32768	5444.880000
32768	5593.320000
32768	5502.400000
32768	5484.600000
32768	5469.880000
32768	5497.640000
32768	5553.880000
32768	5518.160000
32768	5504.960000
32768	5413.720000
32768	5445.720000
32768	5444.760000
32768	5449.280000
32768	5509.000000
32768	5427.520000
32768	5630.480000
32768	5415.760000
32768	5870.920000
32768	5717.200000
32768	5664.160000
32768	5400.040000
32768	5565.120000
32768	9203.040000
32768	5365.840000
32768	5402.080000
32768	5654.400000
32768	5441.640000
32768	5447.920000
Starting reads on all files
Waiting till all child processes complete..
Average time is 5629.531250
32768	5555.480000
32768	9358.520000
32768	5398.560000
32768	5382.520000
32768	5459.680000
32768	5451.640000
32768	5405.160000
32768	5439.280000
32768	5428.320000
32768	5439.680000
32768	5508.200000
32768	5864.600000
32768	5523.920000
32768	5712.480000
32768	5486.200000
32768	5479.480000
32768	9184.920000
32768	5505.360000
32768	5636.240000
32768	5470.760000
32768	5517.240000
32768	5466.600000
32768	5550.960000
32768	5533.200000
32768	5439.680000
32768	5521.720000
32768	5543.480000
32768	5437.960000
32768	9403.800000
32768	294190.600000
32768	247733.320000
32768	20853.520000
Starting reads on all files
Waiting till all child processes complete..
Average time is 22933.846250
32768	5868.680000
32768	5416.440000
32768	9189.160000
32768	5390.840000
32768	5386.280000
32768	5436.160000
32768	5515.960000
32768	5662.920000
32768	5490.080000
32768	5426.680000
32768	9724.920000
32768	5830.800000
32768	5455.520000
32768	5463.520000
32768	5380.480000
32768	5563.640000
32768	5382.280000
32768	5665.800000
32768	5523.600000
32768	5479.840000
32768	9321.760000
32768	5528.040000
32768	5544.040000
32768	5575.720000
32768	5529.560000
32768	9266.840000
32768	5506.600000
32768	5495.320000
32768	5507.840000
32768	5390.040000
32768	5464.560000
32768	5312.760000
Starting reads on all files
Waiting till all child processes complete..
Average time is 5990.521250
32768	5771.280000
32768	5408.560000
32768	5525.400000
32768	5414.360000
32768	5486.360000
32768	5456.360000
32768	5441.320000
32768	5402.200000
32768	5434.520000
32768	5539.160000
32768	5460.320000
32768	5493.920000
32768	5889.000000
32768	5620.960000
32768	5372.240000
32768	5330.000000
32768	5455.400000
32768	5481.200000
32768	5489.080000
32768	5561.920000
32768	5478.080000
32768	5551.600000
32768	5505.880000
32768	5549.320000
32768	5521.640000
32768	5483.480000
32768	5670.720000
32768	5663.680000
32768	5544.360000
32768	5494.440000
32768	5588.920000
32768	6490.480000
Starting reads on all files
Waiting till all child processes complete..
Average time is 5549.255000
32768	9219.280000
32768	5508.680000
32768	5523.320000
32768	9202.200000
32768	28389.720000
32768	5462.840000
32768	5481.720000
32768	5759.880000
32768	5555.400000
32768	5587.560000
32768	5528.600000
32768	5632.240000
32768	5880.000000
32768	5662.680000
32768	5690.840000
32768	5752.000000
32768	5625.480000
32768	5432.160000
32768	5497.680000
32768	5562.440000
32768	5445.160000
32768	5461.760000
32768	5632.240000
32768	5465.480000
32768	5402.200000
32768	5543.640000
32768	5441.920000
32768	5428.920000
32768	5800.840000
32768	5509.360000
32768	5516.920000
32768	5557.280000
Starting reads on all files
Waiting till all child processes complete..
Average time is 6505.013750
32768	5889.640000
32768	5694.640000
32768	5630.800000
32768	5447.040000
32768	5460.360000
32768	5445.640000
32768	5469.360000
32768	5448.880000
32768	5533.600000
32768	5575.440000
32768	5473.360000
32768	5509.960000
32768	5478.160000
32768	5542.800000
32768	5668.800000
32768	5530.800000
32768	44270.320000
32768	5581.920000
32768	5874.560000
32768	5560.560000
32768	5678.520000
32768	5590.080000
32768	5718.760000
32768	5617.360000
32768	5555.520000
32768	5510.760000
32768	5472.160000
32768	5590.480000
32768	5825.720000
32768	5518.000000
32768	272044.280000
32768	5575.960000
Starting reads on all files
Waiting till all child processes complete..
Average time is 15118.257500
