32768	9767.920000
32768	5540.320000
32768	5719.280000
32768	5373.280000
32768	5549.280000
32768	9388.520000
32768	5706.560000
32768	5477.800000
32768	5583.000000
32768	5452.040000
32768	5425.600000
32768	5910.880000
32768	5417.760000
32768	6013.400000
32768	5364.280000
32768	5498.800000
Starting reads on all files
Waiting till all child processes complete..
Average time is 6074.295000
32768	5591.800000
32768	5395.240000
32768	5409.920000
32768	5408.680000
32768	5461.600000
32768	5648.000000
32768	5874.160000
32768	5724.840000
32768	5550.640000
32768	5612.520000
32768	5491.800000
32768	5549.560000
32768	5489.960000
32768	5399.240000
32768	5887.560000
32768	5410.480000
Starting reads on all files
Waiting till all child processes complete..
Average time is 5556.625000
32768	5643.280000
32768	15716.800000
32768	5499.920000
32768	5450.400000
32768	5606.080000
32768	5496.800000
32768	5745.480000
32768	5385.000000
32768	5518.440000
32768	5730.960000
32768	5482.640000
32768	5501.840000
32768	5452.600000
32768	5900.240000
32768	5577.320000
32768	6465.520000
Starting reads on all files
Waiting till all child processes complete..
Average time is 6260.832500
32768	5796.560000
32768	5544.760000
32768	5493.480000
32768	5431.560000
32768	5509.200000
32768	5414.760000
32768	5669.280000
32768	5747.320000
32768	5526.240000
32768	5564.280000
32768	5528.200000
32768	5661.760000
32768	5931.520000
32768	5691.600000
32768	5835.280000
32768	5414.440000
Starting reads on all files
Waiting till all child processes complete..
Average time is 5610.015000
32768	5810.920000
32768	5544.240000
32768	5512.520000
32768	5438.040000
32768	5677.400000
32768	5509.920000
32768	5496.680000
32768	5627.160000
32768	5513.320000
32768	5533.040000
32768	5631.680000
32768	5906.560000
32768	5659.400000
32768	6051.080000
32768	5527.160000
32768	5514.600000
Starting reads on all files
Waiting till all child processes complete..
Average time is 5622.107500
32768	5862.280000
32768	5427.800000
32768	5455.680000
32768	5621.840000
32768	5742.560000
32768	5484.040000
32768	5521.640000
32768	5398.680000
32768	5512.560000
32768	5274.360000
32768	5533.120000
32768	5659.720000
32768	5904.960000
32768	5649.680000
32768	5794.280000
32768	139215.280000
Starting reads on all files
Waiting till all child processes complete..
Average time is 13941.155000
32768	5572.720000
32768	5779.400000
32768	5412.440000
32768	5535.600000
32768	5478.520000
32768	5520.280000
32768	5793.200000
32768	5511.600000
32768	5537.120000
32768	5567.720000
32768	9216.560000
32768	5721.360000
32768	5938.240000
32768	5568.240000
32768	5743.000000
32768	5522.080000
Starting reads on all files
Waiting till all child processes complete..
Average time is 5838.630000
32768	5755.120000
32768	5541.720000
32768	5616.800000
32768	5555.960000
32768	5431.360000
32768	5518.400000
32768	5547.640000
32768	5464.160000
32768	5502.200000
32768	5895.280000
32768	5922.560000
32768	5691.360000
32768	5563.320000
32768	5503.040000
32768	5442.560000
32768	9415.120000
Starting reads on all files
Waiting till all child processes complete..
Average time is 5835.412500
32768	6630.000000
32768	5482.520000
32768	5422.600000
32768	5453.880000
32768	5635.200000
32768	5535.080000
32768	5484.720000
32768	5483.200000
32768	6000.760000
32768	5633.840000
32768	5485.000000
32768	5474.240000
32768	15787.840000
32768	5508.080000
32768	9181.280000
32768	5459.160000
Starting reads on all files
Waiting till all child processes complete..
Average time is 6478.587500
32768	5717.320000
32768	5579.880000
32768	5440.280000
32768	5759.160000
32768	5462.520000
32768	5470.680000
32768	5407.920000
32768	5560.240000
32768	5436.280000
32768	5523.440000
32768	6830.000000
32768	5739.720000
32768	5746.400000
32768	5715.800000
32768	5419.240000
32768	5488.440000
Starting reads on all files
Waiting till all child processes complete..
Average time is 5643.582500
