4096	710.200000
4096	701.120000
4096	705.600000
4096	822.080000
4096	753.440000
4096	750.760000
4096	709.440000
4096	765.480000
4096	761.680000
4096	746.680000
4096	751.840000
4096	814.680000
4096	895.560000
4096	902.040000
4096	894.440000
4096	853.600000
Starting reads on all files
Waiting till all child processes complete..
Average time is 783.665000
4096	791.880000
4096	784.760000
4096	775.400000
4096	706.480000
4096	776.440000
4096	787.400000
4096	759.680000
4096	788.680000
4096	774.920000
4096	773.400000
4096	773.880000
4096	836.960000
4096	737.000000
4096	850.440000
4096	704.040000
4096	712.080000
Starting reads on all files
Waiting till all child processes complete..
Average time is 770.840000
4096	771.200000
4096	779.160000
4096	768.000000
4096	772.040000
4096	715.200000
4096	707.800000
4096	703.560000
4096	764.040000
4096	725.880000
4096	756.000000
4096	767.000000
4096	799.000000
4096	777.400000
4096	799.840000
4096	772.680000
4096	698.880000
Starting reads on all files
Waiting till all child processes complete..
Average time is 754.855000
4096	697.400000
4096	5918.040000
4096	775.240000
4096	781.440000
4096	742.400000
4096	706.280000
4096	781.720000
4096	716.360000
4096	703.000000
4096	768.360000
4096	765.120000
4096	829.920000
4096	783.000000
4096	768.440000
4096	703.920000
4096	778.080000
Starting reads on all files
Waiting till all child processes complete..
Average time is 1076.170000
4096	701.680000
4096	715.280000
4096	704.160000
4096	708.640000
4096	701.240000
4096	715.440000
4096	787.960000
4096	702.920000
4096	697.280000
4096	783.800000
4096	810.960000
4096	710.760000
4096	789.680000
4096	707.440000
4096	784.920000
4096	712.120000
Starting reads on all files
Waiting till all child processes complete..
Average time is 733.392500
4096	700.080000
4096	797.520000
4096	787.200000
4096	720.920000
4096	781.120000
4096	797.480000
4096	768.680000
4096	762.320000
4096	710.640000
4096	710.800000
4096	706.640000
4096	711.680000
4096	696.800000
4096	694.840000
4096	851.760000
4096	705.280000
Starting reads on all files
Waiting till all child processes complete..
Average time is 743.985000
4096	705.200000
4096	710.800000
4096	696.800000
4096	784.280000
4096	791.560000
4096	792.000000
4096	785.320000
4096	786.200000
4096	702.640000
4096	705.800000
4096	703.320000
4096	793.080000
4096	790.040000
4096	788.200000
4096	702.360000
4096	818.200000
Starting reads on all files
Waiting till all child processes complete..
Average time is 753.487500
4096	709.240000
4096	709.080000
4096	981.920000
4096	704.480000
4096	703.040000
4096	695.240000
4096	778.480000
4096	789.640000
4096	702.120000
4096	705.640000
4096	771.360000
4096	714.760000
4096	708.520000
4096	700.400000
4096	711.280000
4096	778.120000
Starting reads on all files
Waiting till all child processes complete..
Average time is 741.457500
4096	796.360000
4096	706.000000
4096	804.800000
4096	1301.520000
4096	790.480000
4096	707.960000
4096	781.400000
4096	795.760000
4096	783.000000
4096	710.960000
4096	715.840000
4096	701.880000
4096	801.080000
4096	712.520000
4096	810.360000
4096	801.640000
Starting reads on all files
Waiting till all child processes complete..
Average time is 795.097500
4096	710.320000
4096	785.920000
4096	727.680000
4096	705.920000
4096	783.560000
4096	779.360000
4096	776.200000
4096	704.880000
4096	704.760000
4096	793.000000
4096	699.760000
4096	707.760000
4096	781.360000
4096	777.920000
4096	789.440000
4096	781.800000
Starting reads on all files
Waiting till all child processes complete..
Average time is 750.602500
4096	717.360000
4096	781.920000
4096	716.560000
4096	711.200000
4096	706.000000
4096	702.200000
4096	807.320000
4096	782.320000
4096	703.200000
4096	930.000000
4096	790.280000
4096	792.400000
4096	787.440000
4096	772.320000
4096	792.760000
4096	1024.560000
Starting reads on all files
Waiting till all child processes complete..
Average time is 782.365000
4096	783.440000
4096	699.800000
4096	782.480000
4096	706.760000
4096	703.880000
4096	776.280000
4096	743.240000
4096	783.000000
4096	701.760000
4096	708.720000
4096	706.600000
4096	764.200000
4096	743.680000
4096	706.000000
4096	715.880000
4096	771.720000
Starting reads on all files
Waiting till all child processes complete..
Average time is 737.340000
4096	699.040000
4096	783.040000
4096	715.520000
4096	886.720000
4096	776.160000
4096	725.280000
4096	702.800000
4096	701.240000
4096	698.240000
4096	785.440000
4096	772.840000
4096	766.320000
4096	697.040000
4096	802.560000
4096	702.720000
4096	789.400000
Starting reads on all files
Waiting till all child processes complete..
Average time is 750.272500
4096	702.680000
4096	769.280000
4096	786.640000
4096	809.960000
4096	707.560000
4096	705.080000
4096	794.560000
4096	750.160000
4096	701.880000
4096	700.920000
4096	710.320000
4096	778.200000
4096	747.080000
4096	701.160000
4096	701.560000
4096	806.160000
Starting reads on all files
Waiting till all child processes complete..
Average time is 742.075000
4096	711.560000
4096	774.560000
4096	793.560000
4096	743.760000
4096	719.560000
4096	780.640000
4096	766.480000
4096	791.640000
4096	770.760000
4096	780.400000
4096	770.040000
4096	704.040000
4096	704.600000
4096	695.240000
4096	780.200000
4096	771.600000
Starting reads on all files
Waiting till all child processes complete..
Average time is 753.665000
4096	790.120000
4096	776.440000
4096	708.120000
4096	713.320000
4096	730.960000
4096	694.840000
4096	712.760000
4096	792.080000
4096	712.640000
4096	703.320000
4096	703.960000
4096	793.240000
4096	806.880000
4096	783.120000
4096	809.840000
4096	716.520000
Starting reads on all files
Waiting till all child processes complete..
Average time is 746.760000
4096	707.400000
4096	712.120000
4096	701.160000
4096	699.240000
4096	701.160000
4096	706.000000
4096	715.360000
4096	766.600000
4096	698.680000
4096	703.680000
4096	4882.640000
4096	776.120000
4096	781.440000
4096	711.800000
4096	705.440000
4096	821.240000
Starting reads on all files
Waiting till all child processes complete..
Average time is 986.880000
4096	791.280000
4096	796.000000
4096	785.480000
4096	720.840000
4096	709.520000
4096	767.360000
4096	710.400000
4096	750.720000
4096	775.240000
4096	770.440000
4096	706.080000
4096	714.720000
4096	764.280000
4096	788.760000
4096	777.720000
4096	732.680000
Starting reads on all files
Waiting till all child processes complete..
Average time is 753.845000
4096	700.160000
4096	696.280000
4096	703.520000
4096	791.480000
4096	771.120000
4096	764.120000
4096	784.560000
4096	765.600000
4096	769.040000
4096	765.600000
4096	789.160000
4096	712.680000
4096	709.440000
4096	702.200000
4096	700.080000
4096	706.560000
Starting reads on all files
Waiting till all child processes complete..
Average time is 739.475000
4096	702.200000
4096	700.520000
4096	703.480000
4096	703.040000
4096	696.600000
4096	694.560000
4096	698.720000
4096	699.000000
4096	787.600000
4096	783.920000
4096	793.160000
4096	715.880000
4096	704.640000
4096	698.360000
4096	707.120000
4096	702.160000
Starting reads on all files
Waiting till all child processes complete..
Average time is 718.185000
