4096	704.000000
4096	710.560000
4096	785.400000
4096	779.080000
4096	765.760000
4096	713.160000
4096	749.680000
4096	707.480000
4096	712.760000
4096	700.360000
4096	806.720000
4096	756.360000
4096	710.720000
4096	705.320000
4096	703.440000
4096	748.320000
4096	926.040000
4096	757.920000
4096	731.280000
4096	709.080000
4096	798.240000
4096	777.720000
4096	739.240000
4096	726.800000
4096	712.040000
4096	800.400000
4096	786.280000
4096	955.560000
4096	703.760000
4096	816.520000
4096	917.680000
4096	788.760000
4096	879.040000
4096	698.400000
4096	781.440000
4096	784.720000
4096	758.440000
4096	708.440000
4096	792.640000
4096	814.000000
4096	816.040000
4096	756.920000
4096	821.080000
4096	871.600000
4096	989.400000
4096	833.240000
4096	804.800000
4096	803.000000
4096	795.080000
4096	808.160000
4096	786.680000
4096	759.160000
4096	870.120000
4096	711.560000
4096	698.360000
4096	808.040000
4096	909.960000
4096	784.960000
4096	834.640000
4096	766.400000
4096	698.600000
4096	774.280000
4096	828.520000
4096	815.480000
Starting reads on all files
Waiting till all child processes complete..
Average time is 780.775625
4096	705.320000
4096	700.480000
4096	712.080000
4096	704.960000
4096	920.960000
4096	706.360000
4096	712.120000
4096	789.000000
4096	795.360000
4096	790.840000
4096	786.320000
4096	749.200000
4096	782.320000
4096	861.880000
4096	787.520000
4096	776.400000
4096	702.840000
4096	726.360000
4096	700.240000
4096	716.520000
4096	759.920000
4096	744.800000
4096	837.880000
4096	706.800000
4096	714.440000
4096	800.000000
4096	699.840000
4096	697.040000
4096	726.600000
4096	706.840000
4096	757.400000
4096	821.600000
4096	838.880000
4096	732.800000
4096	723.160000
4096	742.920000
4096	734.200000
4096	765.280000
4096	951.320000
4096	820.560000
4096	832.680000
4096	784.600000
4096	780.520000
4096	778.560000
4096	767.320000
4096	765.080000
4096	790.360000
4096	853.200000
4096	1100.200000
4096	845.600000
4096	847.440000
4096	768.720000
4096	773.120000
4096	770.000000
4096	846.720000
4096	855.240000
4096	1027.120000
4096	773.400000
4096	856.080000
4096	977.640000
4096	862.560000
4096	786.200000
4096	722.880000
4096	767.160000
Starting reads on all files
Waiting till all child processes complete..
Average time is 786.590000
4096	751.680000
4096	782.120000
4096	784.240000
4096	703.080000
4096	750.160000
4096	709.160000
4096	769.000000
4096	763.680000
4096	766.280000
4096	706.680000
4096	773.160000
4096	695.120000
4096	792.440000
4096	779.880000
4096	816.880000
4096	714.000000
4096	697.480000
4096	699.040000
4096	699.640000
4096	699.320000
4096	701.160000
4096	709.800000
4096	698.840000
4096	698.360000
4096	748.480000
4096	776.400000
4096	707.640000
4096	767.840000
4096	696.600000
4096	709.160000
4096	704.080000
4096	748.360000
4096	696.760000
4096	702.440000
4096	698.760000
4096	702.720000
4096	706.440000
4096	852.800000
4096	703.920000
4096	787.160000
4096	698.360000
4096	720.840000
4096	705.880000
4096	713.320000
4096	710.920000
4096	766.080000
4096	762.280000
4096	709.400000
4096	705.200000
4096	707.640000
4096	700.000000
4096	786.400000
4096	783.520000
4096	700.720000
4096	700.920000
4096	703.960000
4096	708.400000
4096	698.880000
4096	705.040000
4096	704.360000
4096	735.880000
4096	702.360000
4096	704.280000
4096	698.720000
Starting reads on all files
Waiting till all child processes complete..
Average time is 728.189375
4096	793.800000
4096	794.240000
4096	757.480000
4096	783.280000
4096	789.840000
4096	776.680000
4096	768.120000
4096	792.800000
4096	766.680000
4096	767.280000
4096	711.160000
4096	705.040000
4096	707.040000
4096	708.040000
4096	697.440000
4096	704.040000
4096	707.120000
4096	828.120000
4096	710.640000
4096	701.360000
4096	712.640000
4096	4724.680000
4096	750.680000
4096	770.520000
4096	747.200000
4096	788.560000
4096	791.240000
4096	706.000000
4096	701.280000
4096	807.600000
4096	788.880000
4096	843.960000
4096	707.480000
4096	751.360000
4096	744.680000
4096	707.320000
4096	697.880000
4096	773.840000
4096	705.680000
4096	704.800000
4096	783.320000
4096	778.280000
4096	786.400000
4096	782.360000
4096	776.040000
4096	776.800000
4096	785.520000
4096	792.960000
4096	837.400000
4096	786.160000
4096	785.400000
4096	804.000000
4096	704.080000
4096	717.400000
4096	699.720000
4096	699.520000
4096	695.640000
4096	753.120000
4096	743.840000
4096	702.520000
4096	783.960000
4096	709.000000
4096	697.840000
4096	7620.720000
Starting reads on all files
Waiting till all child processes complete..
Average time is 920.288750
4096	707.600000
4096	706.720000
4096	697.920000
4096	704.920000
4096	716.280000
4096	825.720000
4096	713.840000
4096	700.000000
4096	695.880000
4096	4718.360000
4096	696.920000
4096	708.800000
4096	703.120000
4096	699.520000
4096	698.480000
4096	701.560000
4096	699.560000
4096	702.120000
4096	701.080000
4096	705.680000
4096	752.680000
4096	774.400000
4096	779.480000
4096	705.560000
4096	812.720000
4096	784.000000
4096	799.240000
4096	799.680000
4096	785.160000
4096	712.800000
4096	707.120000
4096	703.280000
4096	809.200000
4096	700.280000
4096	699.320000
4096	784.880000
4096	779.360000
4096	775.320000
4096	796.840000
4096	799.840000
4096	786.760000
4096	702.280000
4096	745.600000
4096	709.160000
4096	699.600000
4096	133802.840000
4096	704.000000
4096	710.680000
4096	709.240000
4096	746.760000
4096	893.960000
4096	766.880000
4096	749.280000
4096	700.720000
4096	747.400000
4096	709.960000
4096	815.800000
4096	708.080000
4096	698.560000
4096	789.400000
4096	743.640000
4096	745.160000
4096	764.120000
4096	771.160000
Starting reads on all files
Waiting till all child processes complete..
Average time is 2881.035625
4096	698.160000
4096	707.400000
4096	698.840000
4096	707.000000
4096	697.200000
4096	702.120000
4096	752.760000
4096	701.000000
4096	701.320000
4096	708.640000
4096	707.520000
4096	705.640000
4096	702.480000
4096	712.360000
4096	708.480000
4096	703.280000
4096	710.640000
4096	756.880000
4096	780.880000
4096	710.920000
4096	693.080000
4096	698.280000
4096	751.440000
4096	698.680000
4096	707.760000
4096	700.440000
4096	701.920000
4096	744.440000
4096	691.160000
4096	707.560000
4096	707.040000
4096	707.360000
4096	704.560000
4096	779.760000
4096	746.200000
4096	747.360000
4096	792.360000
4096	788.280000
4096	785.040000
4096	832.760000
4096	795.880000
4096	703.600000
4096	712.880000
4096	711.320000
4096	791.520000
4096	949.400000
4096	808.040000
4096	752.640000
4096	700.040000
4096	706.640000
4096	744.960000
4096	699.760000
4096	709.120000
4096	705.360000
4096	90743.480000
4096	711.480000
4096	698.920000
4096	886.600000
4096	740.400000
4096	742.960000
4096	700.000000
4096	766.760000
4096	782.120000
4096	777.160000
Starting reads on all files
Waiting till all child processes complete..
Average time is 2140.625625
4096	704.920000
4096	704.880000
4096	700.800000
4096	698.960000
4096	706.480000
4096	697.800000
4096	708.680000
4096	836.520000
4096	702.080000
4096	702.080000
4096	701.880000
4096	705.360000
4096	710.760000
4096	714.400000
4096	708.000000
4096	701.560000
4096	702.240000
4096	698.640000
4096	911.360000
4096	786.120000
4096	787.080000
4096	702.360000
4096	698.360000
4096	702.200000
4096	716.840000
4096	746.720000
4096	741.760000
4096	745.040000
4096	755.560000
4096	753.200000
4096	711.280000
4096	702.920000
4096	699.200000
4096	803.560000
4096	741.280000
4096	733.040000
4096	738.160000
4096	704.200000
4096	700.520000
4096	700.880000
4096	706.400000
4096	741.200000
4096	708.080000
4096	781.600000
4096	783.360000
4096	776.880000
4096	784.240000
4096	776.920000
4096	810.280000
4096	783.960000
4096	706.000000
4096	700.200000
4096	712.720000
4096	790.160000
4096	781.280000
4096	775.160000
4096	785.160000
4096	803.800000
4096	776.320000
4096	812.760000
4096	996.600000
4096	715.760000
4096	707.760000
4096	702.760000
Starting reads on all files
Waiting till all child processes complete..
Average time is 742.297500
4096	706.160000
4096	704.840000
4096	696.680000
4096	703.240000
4096	710.320000
4096	16295.160000
4096	701.040000
4096	708.000000
4096	708.800000
4096	720.320000
4096	704.520000
4096	707.320000
4096	704.800000
4096	789.640000
4096	701.240000
4096	703.160000
4096	705.760000
4096	710.520000
4096	703.040000
4096	702.440000
4096	698.400000
4096	706.160000
4096	745.400000
4096	742.400000
4096	752.200000
4096	791.280000
4096	785.960000
4096	705.760000
4096	795.920000
4096	794.040000
4096	785.720000
4096	787.520000
4096	703.240000
4096	712.800000
4096	794.480000
4096	709.520000
4096	697.200000
4096	703.120000
4096	751.200000
4096	809.480000
4096	792.040000
4096	705.240000
4096	786.320000
4096	777.560000
4096	889.360000
4096	780.920000
4096	776.000000
4096	791.360000
4096	705.720000
4096	753.680000
4096	699.840000
4096	782.520000
4096	782.040000
4096	786.000000
4096	706.600000
4096	787.320000
4096	701.720000
4096	797.600000
4096	700.680000
4096	784.320000
4096	781.400000
4096	705.880000
4096	703.760000
4096	708.320000
Starting reads on all files
Waiting till all child processes complete..
Average time is 983.515625
4096	715.160000
4096	820.560000
4096	697.000000
4096	703.240000
4096	702.760000
4096	717.080000
4096	710.880000
4096	710.840000
4096	705.600000
4096	703.160000
4096	705.880000
4096	700.200000
4096	711.440000
4096	706.040000
4096	701.320000
4096	701.960000
4096	706.640000
4096	871.120000
4096	697.040000
4096	703.320000
4096	709.920000
4096	711.240000
4096	774.280000
4096	778.680000
4096	784.960000
4096	789.800000
4096	720.200000
4096	714.600000
4096	701.400000
4096	695.880000
4096	752.400000
4096	749.040000
4096	787.800000
4096	707.680000
4096	710.640000
4096	746.080000
4096	704.080000
4096	783.280000
4096	705.400000
4096	706.960000
4096	699.680000
4096	703.800000
4096	771.600000
4096	702.720000
4096	787.800000
4096	785.480000
4096	815.080000
4096	776.880000
4096	779.080000
4096	781.560000
4096	747.840000
4096	710.760000
4096	709.560000
4096	714.400000
4096	794.080000
4096	786.160000
4096	710.400000
4096	710.880000
4096	700.120000
4096	4713.680000
4096	707.560000
4096	696.640000
4096	695.200000
4096	752.320000
Starting reads on all files
Waiting till all child processes complete..
Average time is 794.981875
4096	706.800000
4096	706.000000
4096	707.320000
4096	11080.920000
4096	694.120000
4096	708.560000
4096	696.800000
4096	710.720000
4096	698.960000
4096	708.320000
4096	701.960000
4096	705.760000
4096	704.480000
4096	697.560000
4096	729.960000
4096	698.800000
4096	705.480000
4096	703.240000
4096	695.520000
4096	709.920000
4096	702.840000
4096	749.200000
4096	701.880000
4096	739.000000
4096	695.720000
4096	749.480000
4096	715.840000
4096	747.440000
4096	709.800000
4096	702.160000
4096	754.040000
4096	800.960000
4096	782.520000
4096	702.760000
4096	699.480000
4096	721.960000
4096	781.480000
4096	1463.320000
4096	703.280000
4096	704.280000
4096	788.400000
4096	703.680000
4096	700.120000
4096	777.280000
4096	785.520000
4096	785.560000
4096	772.040000
4096	716.880000
4096	784.120000
4096	712.040000
4096	775.880000
4096	710.800000
4096	744.120000
4096	694.640000
4096	748.680000
4096	704.880000
4096	750.680000
4096	748.760000
4096	712.920000
4096	711.680000
4096	749.520000
4096	707.560000
4096	791.960000
4096	696.200000
Starting reads on all files
Waiting till all child processes complete..
Average time is 899.571250
4096	713.200000
4096	705.440000
4096	705.680000
4096	715.000000
4096	700.320000
4096	750.160000
4096	1031.160000
4096	780.400000
4096	771.160000
4096	775.440000
4096	702.920000
4096	697.240000
4096	776.880000
4096	742.360000
4096	709.720000
4096	715.920000
4096	700.480000
4096	827.040000
4096	779.280000
4096	702.880000
4096	746.600000
4096	788.400000
4096	709.880000
4096	697.280000
4096	743.200000
4096	792.160000
4096	713.800000
4096	795.080000
4096	783.480000
4096	781.000000
4096	779.120000
4096	752.480000
4096	702.560000
4096	703.720000
4096	760.560000
4096	704.520000
4096	719.760000
4096	751.680000
4096	711.200000
4096	789.800000
4096	709.320000
4096	777.320000
4096	777.520000
4096	777.480000
4096	796.360000
4096	701.160000
4096	703.960000
4096	708.720000
4096	784.360000
4096	697.560000
4096	743.160000
4096	746.520000
4096	747.840000
4096	776.480000
4096	709.360000
4096	749.880000
4096	697.520000
4096	715.000000
4096	743.560000
4096	776.160000
4096	700.600000
4096	718.800000
4096	706.480000
4096	709.520000
Starting reads on all files
Waiting till all child processes complete..
Average time is 743.806250
4096	778.800000
4096	762.040000
4096	823.040000
4096	829.920000
4096	792.640000
4096	786.640000
4096	699.520000
4096	750.920000
4096	740.680000
4096	701.800000
4096	706.720000
4096	711.800000
4096	785.760000
4096	783.200000
4096	716.440000
4096	703.680000
4096	772.760000
4096	695.120000
4096	741.560000
4096	754.040000
4096	789.440000
4096	702.840000
4096	695.040000
4096	746.920000
4096	815.800000
4096	712.120000
4096	746.160000
4096	698.680000
4096	706.840000
4096	702.520000
4096	774.360000
4096	708.640000
4096	699.120000
4096	702.200000
4096	748.960000
4096	710.320000
4096	702.760000
4096	703.840000
4096	776.160000
4096	779.760000
4096	843.200000
4096	923.760000
4096	841.000000
4096	703.600000
4096	698.680000
4096	743.440000
4096	702.040000
4096	752.000000
4096	703.200000
4096	819.760000
4096	742.720000
4096	710.600000
4096	783.800000
4096	791.240000
4096	780.440000
4096	788.240000
4096	767.520000
4096	783.280000
4096	774.120000
4096	783.200000
4096	782.720000
4096	780.040000
4096	781.520000
4096	787.880000
Starting reads on all files
Waiting till all child processes complete..
Average time is 753.555625
4096	724.480000
4096	700.760000
4096	801.720000
4096	792.520000
4096	785.160000
4096	752.640000
4096	743.560000
4096	5653.440000
4096	786.400000
4096	792.480000
4096	735.640000
4096	732.480000
4096	711.080000
4096	768.200000
4096	711.320000
4096	700.360000
4096	711.520000
4096	740.320000
4096	719.200000
4096	702.280000
4096	744.600000
4096	771.960000
4096	782.440000
4096	706.560000
4096	791.360000
4096	704.720000
4096	709.000000
4096	708.800000
4096	709.720000
4096	784.320000
4096	788.760000
4096	787.720000
4096	701.040000
4096	791.200000
4096	718.560000
4096	779.000000
4096	702.160000
4096	698.680000
4096	773.560000
4096	788.520000
4096	712.160000
4096	703.640000
4096	715.200000
4096	788.520000
4096	707.880000
4096	784.520000
4096	700.840000
4096	743.920000
4096	785.520000
4096	749.760000
4096	748.840000
4096	712.480000
4096	703.560000
4096	706.880000
4096	705.920000
4096	703.880000
4096	704.320000
4096	711.280000
4096	750.320000
4096	746.000000
4096	706.160000
4096	773.600000
4096	762.840000
4096	798.360000
Starting reads on all files
Waiting till all child processes complete..
Average time is 817.728750
4096	791.760000
4096	777.160000
4096	784.280000
4096	709.080000
4096	781.720000
4096	779.440000
4096	698.720000
4096	716.200000
4096	766.960000
4096	786.560000
4096	763.040000
4096	699.240000
4096	776.880000
4096	762.000000
4096	695.920000
4096	777.560000
4096	707.920000
4096	703.640000
4096	709.280000
4096	714.280000
4096	714.200000
4096	704.160000
4096	770.440000
4096	703.360000
4096	821.520000
4096	771.480000
4096	696.840000
4096	715.840000
4096	767.800000
4096	720.000000
4096	769.240000
4096	708.480000
4096	705.400000
4096	706.920000
4096	708.800000
4096	705.600000
4096	813.000000
4096	704.520000
4096	786.120000
4096	705.680000
4096	701.080000
4096	709.560000
4096	709.040000
4096	717.840000
4096	701.160000
4096	705.920000
4096	701.560000
4096	910.840000
4096	703.480000
4096	701.800000
4096	698.160000
4096	692.920000
4096	767.960000
4096	698.840000
4096	713.640000
4096	707.640000
4096	699.480000
4096	706.080000
4096	706.480000
4096	710.160000
4096	695.880000
4096	759.640000
4096	699.880000
4096	776.840000
Starting reads on all files
Waiting till all child processes complete..
Average time is 732.764375
4096	706.160000
4096	698.880000
4096	791.560000
4096	778.200000
4096	779.080000
4096	770.480000
4096	780.240000
4096	782.920000
4096	779.360000
4096	777.320000
4096	806.280000
4096	1400.160000
4096	715.720000
4096	781.720000
4096	710.880000
4096	705.120000
4096	701.560000
4096	713.280000
4096	772.360000
4096	740.240000
4096	709.160000
4096	709.200000
4096	703.920000
4096	716.680000
4096	709.520000
4096	714.120000
4096	703.120000
4096	709.720000
4096	747.160000
4096	833.840000
4096	706.800000
4096	704.720000
4096	704.200000
4096	703.120000
4096	697.280000
4096	698.600000
4096	713.840000
4096	701.760000
4096	698.560000
4096	776.960000
4096	694.120000
4096	701.640000
4096	701.400000
4096	706.120000
4096	709.840000
4096	706.360000
4096	715.320000
4096	707.400000
4096	701.120000
4096	700.160000
4096	706.400000
4096	704.200000
4096	708.360000
4096	705.720000
4096	706.120000
4096	710.360000
4096	705.920000
4096	701.880000
4096	791.160000
4096	781.800000
4096	702.360000
4096	806.520000
4096	778.720000
4096	768.600000
Starting reads on all files
Waiting till all child processes complete..
Average time is 740.240625
4096	709.440000
4096	703.320000
4096	832.680000
4096	707.480000
4096	706.720000
4096	693.920000
4096	706.120000
4096	717.280000
4096	699.920000
4096	704.920000
4096	705.320000
4096	712.600000
4096	708.440000
4096	701.320000
4096	699.600000
4096	742.760000
4096	706.760000
4096	714.200000
4096	697.480000
4096	717.120000
4096	4735.240000
4096	752.960000
4096	768.640000
4096	752.960000
4096	750.760000
4096	706.800000
4096	703.040000
4096	755.200000
4096	741.640000
4096	750.440000
4096	694.360000
4096	704.640000
4096	754.840000
4096	707.640000
4096	759.320000
4096	842.560000
4096	788.120000
4096	700.240000
4096	703.120000
4096	788.040000
4096	785.160000
4096	927.240000
4096	790.320000
4096	781.960000
4096	807.600000
4096	799.000000
4096	788.240000
4096	712.360000
4096	782.480000
4096	87349.240000
4096	770.120000
4096	704.320000
4096	702.720000
4096	701.200000
4096	709.320000
4096	701.600000
4096	792.120000
4096	713.720000
4096	789.360000
4096	801.320000
4096	708.280000
4096	707.120000
4096	748.280000
4096	26821.200000
Starting reads on all files
Waiting till all child processes complete..
Average time is 2563.160000
4096	764.680000
4096	763.560000
4096	781.920000
4096	774.440000
4096	773.880000
4096	782.040000
4096	795.960000
4096	777.960000
4096	779.760000
4096	785.040000
4096	774.800000
4096	777.680000
4096	772.960000
4096	772.520000
4096	707.440000
4096	714.600000
4096	709.640000
4096	716.560000
4096	706.120000
4096	701.120000
4096	750.880000
4096	711.920000
4096	707.200000
4096	706.520000
4096	768.480000
4096	711.680000
4096	2134.120000
4096	712.800000
4096	728.600000
4096	746.120000
4096	722.840000
4096	706.680000
4096	705.440000
4096	706.800000
4096	707.360000
4096	708.720000
4096	698.120000
4096	690.080000
4096	696.960000
4096	783.200000
4096	780.360000
4096	700.640000
4096	705.120000
4096	845.520000
4096	714.320000
4096	710.640000
4096	705.120000
4096	719.120000
4096	704.400000
4096	716.040000
4096	697.880000
4096	779.560000
4096	713.480000
4096	773.200000
4096	701.760000
4096	709.560000
4096	709.000000
4096	711.600000
4096	694.800000
4096	781.200000
4096	704.880000
4096	785.440000
4096	784.400000
4096	699.280000
Starting reads on all files
Waiting till all child processes complete..
Average time is 757.570625
4096	701.680000
4096	711.680000
4096	708.640000
4096	707.320000
4096	700.280000
4096	778.040000
4096	709.520000
4096	711.440000
4096	705.560000
4096	709.760000
4096	787.520000
4096	816.520000
4096	703.720000
4096	700.800000
4096	719.720000
4096	707.880000
4096	781.560000
4096	701.600000
4096	786.200000
4096	788.040000
4096	709.200000
4096	709.600000
4096	712.360000
4096	695.120000
4096	703.400000
4096	823.400000
4096	713.720000
4096	708.680000
4096	701.960000
4096	774.360000
4096	700.760000
4096	699.800000
4096	696.600000
4096	712.360000
4096	698.360000
4096	779.000000
4096	709.120000
4096	774.040000
4096	704.400000
4096	703.120000
4096	857.800000
4096	707.560000
4096	765.520000
4096	936.200000
4096	710.560000
4096	777.320000
4096	709.000000
4096	797.080000
4096	705.320000
4096	849.240000
4096	715.120000
4096	708.400000
4096	716.160000
4096	776.200000
4096	710.960000
4096	796.360000
4096	697.000000
4096	710.480000
4096	699.120000
4096	701.320000
4096	709.960000
4096	718.200000
4096	706.880000
4096	699.440000
Starting reads on all files
Waiting till all child processes complete..
Average time is 733.563125
4096	713.440000
4096	772.640000
4096	707.560000
4096	789.720000
4096	779.360000
4096	702.160000
4096	788.880000
4096	709.000000
4096	708.800000
4096	702.920000
4096	785.560000
4096	731.800000
4096	760.520000
4096	787.400000
4096	698.840000
4096	722.600000
4096	786.240000
4096	707.480000
4096	703.080000
4096	703.000000
4096	797.520000
4096	768.640000
4096	4862.320000
4096	696.640000
4096	699.320000
4096	705.440000
4096	795.600000
4096	708.440000
4096	776.440000
4096	699.440000
4096	784.760000
4096	744.280000
4096	718.960000
4096	704.560000
4096	698.040000
4096	763.080000
4096	703.080000
4096	797.440000
4096	794.240000
4096	770.160000
4096	707.840000
4096	769.560000
4096	702.520000
4096	747.040000
4096	771.360000
4096	779.080000
4096	715.320000
4096	768.880000
4096	706.400000
4096	705.600000
4096	841.920000
4096	772.040000
4096	790.440000
4096	702.240000
4096	708.000000
4096	793.440000
4096	864.560000
4096	700.880000
4096	773.120000
4096	697.320000
4096	716.280000
4096	750.480000
4096	876.200000
4096	700.600000
Starting reads on all files
Waiting till all child processes complete..
Average time is 809.539375
4096	745.080000
4096	706.600000
4096	725.320000
4096	771.600000
4096	703.400000
4096	780.800000
4096	800.480000
4096	696.560000
4096	701.640000
4096	702.360000
4096	704.200000
4096	703.080000
4096	783.000000
4096	715.720000
4096	702.880000
4096	773.920000
4096	793.680000
4096	706.400000
4096	710.000000
4096	697.280000
4096	709.080000
4096	706.880000
4096	701.960000
4096	713.120000
4096	702.320000
4096	701.240000
4096	701.480000
4096	786.200000
4096	771.600000
4096	710.160000
4096	952.080000
4096	739.720000
4096	783.920000
4096	749.800000
4096	779.560000
4096	703.280000
4096	700.640000
4096	712.120000
4096	730.320000
4096	700.800000
4096	702.680000
4096	710.200000
4096	720.800000
4096	795.480000
4096	710.000000
4096	702.440000
4096	705.120000
4096	703.200000
4096	763.120000
4096	770.720000
4096	777.400000
4096	712.720000
4096	796.800000
4096	708.560000
4096	700.000000
4096	796.040000
4096	784.400000
4096	807.280000
4096	766.320000
4096	701.600000
4096	701.520000
4096	785.080000
4096	779.560000
4096	781.480000
Starting reads on all files
Waiting till all child processes complete..
Average time is 738.481250
