4096	788.880000
4096	706.560000
4096	782.840000
4096	955.320000
4096	714.680000
4096	711.760000
4096	709.200000
4096	850.440000
4096	733.720000
4096	713.320000
4096	774.000000
4096	710.280000
4096	782.480000
4096	719.280000
4096	701.920000
4096	720.560000
4096	782.600000
4096	765.560000
4096	770.400000
4096	701.400000
4096	780.840000
4096	799.800000
4096	774.600000
4096	4710.760000
4096	787.560000
4096	796.440000
4096	715.720000
4096	717.760000
4096	713.480000
4096	839.160000
4096	894.560000
4096	774.800000
4096	700.600000
4096	698.240000
4096	707.520000
4096	777.200000
4096	851.000000
4096	785.400000
4096	782.440000
4096	784.960000
4096	804.200000
4096	783.240000
4096	706.720000
4096	791.000000
4096	747.160000
4096	756.520000
4096	740.640000
4096	809.000000
Starting reads on all files
Waiting till all child processes complete..
Average time is 846.385833
4096	734.160000
4096	795.280000
4096	778.520000
4096	696.120000
4096	698.080000
4096	708.000000
4096	704.920000
4096	882.280000
4096	787.040000
4096	710.960000
4096	709.600000
4096	789.480000
4096	713.120000
4096	743.040000
4096	785.320000
4096	796.360000
4096	779.640000
4096	789.800000
4096	736.720000
4096	708.240000
4096	699.400000
4096	696.800000
4096	787.600000
4096	700.760000
4096	787.600000
4096	785.640000
4096	782.120000
4096	764.920000
4096	778.680000
4096	699.120000
4096	703.720000
4096	695.360000
4096	706.080000
4096	782.400000
4096	697.120000
4096	735.000000
4096	709.520000
4096	798.480000
4096	696.800000
4096	716.720000
4096	781.440000
4096	776.440000
4096	778.160000
4096	786.960000
4096	706.800000
4096	711.120000
4096	779.360000
4096	774.560000
Starting reads on all files
Waiting till all child processes complete..
Average time is 747.195000
4096	702.840000
4096	798.960000
4096	792.240000
4096	786.320000
4096	777.320000
4096	793.600000
4096	765.320000
4096	771.920000
4096	746.960000
4096	710.760000
4096	703.000000
4096	716.000000
4096	702.200000
4096	702.360000
4096	700.840000
4096	766.320000
4096	700.840000
4096	706.800000
4096	777.720000
4096	695.840000
4096	778.040000
4096	716.360000
4096	695.520000
4096	716.840000
4096	788.040000
4096	792.480000
4096	701.920000
4096	748.920000
4096	774.880000
4096	790.160000
4096	791.520000
4096	706.520000
4096	704.920000
4096	710.640000
4096	708.160000
4096	746.560000
4096	697.760000
4096	701.400000
4096	703.960000
4096	707.840000
4096	700.840000
4096	704.080000
4096	768.080000
4096	118828.280000
4096	781.680000
4096	701.880000
4096	827.360000
4096	697.840000
Starting reads on all files
Waiting till all child processes complete..
Average time is 3198.138333
4096	705.920000
4096	779.760000
4096	756.960000
4096	717.360000
4096	699.040000
4096	762.920000
4096	783.200000
4096	727.920000
4096	772.840000
4096	790.960000
4096	702.240000
4096	794.680000
4096	704.720000
4096	707.280000
4096	703.520000
4096	711.280000
4096	743.440000
4096	784.800000
4096	749.000000
4096	693.760000
4096	710.160000
4096	714.560000
4096	763.960000
4096	829.240000
4096	706.680000
4096	743.640000
4096	695.000000
4096	769.440000
4096	783.680000
4096	706.200000
4096	709.200000
4096	700.920000
4096	777.720000
4096	693.160000
4096	698.800000
4096	700.000000
4096	700.240000
4096	699.000000
4096	692.040000
4096	698.760000
4096	701.200000
4096	706.760000
4096	791.520000
4096	705.160000
4096	702.680000
4096	712.280000
4096	790.440000
4096	764.960000
Starting reads on all files
Waiting till all child processes complete..
Average time is 732.479167
4096	713.080000
4096	785.200000
4096	698.800000
4096	798.720000
4096	710.520000
4096	721.800000
4096	729.720000
4096	767.720000
4096	764.320000
4096	776.960000
4096	838.560000
4096	772.640000
4096	706.320000
4096	710.400000
4096	700.560000
4096	702.880000
4096	778.120000
4096	706.000000
4096	711.200000
4096	705.600000
4096	697.400000
4096	700.360000
4096	703.600000
4096	696.000000
4096	781.320000
4096	840.000000
4096	779.840000
4096	784.800000
4096	838.120000
4096	787.040000
4096	785.280000
4096	784.600000
4096	779.960000
4096	767.720000
4096	700.040000
4096	766.360000
4096	742.640000
4096	749.720000
4096	741.440000
4096	707.320000
4096	749.120000
4096	821.480000
4096	710.600000
4096	706.280000
4096	748.920000
4096	779.520000
4096	786.640000
4096	718.800000
Starting reads on all files
Waiting till all child processes complete..
Average time is 749.042500
4096	763.880000
4096	790.520000
4096	763.560000
4096	710.800000
4096	697.560000
4096	704.400000
4096	707.680000
4096	711.280000
4096	701.800000
4096	696.800000
4096	761.200000
4096	824.200000
4096	698.800000
4096	785.080000
4096	772.120000
4096	777.880000
4096	713.720000
4096	795.040000
4096	703.520000
4096	708.920000
4096	709.760000
4096	787.800000
4096	779.240000
4096	747.280000
4096	791.680000
4096	710.840000
4096	704.680000
4096	747.880000
4096	709.160000
4096	781.840000
4096	695.640000
4096	704.200000
4096	702.000000
4096	780.760000
4096	784.480000
4096	778.360000
4096	781.600000
4096	784.760000
4096	786.280000
4096	711.520000
4096	785.800000
4096	782.440000
4096	705.040000
4096	743.080000
4096	744.720000
4096	699.720000
4096	704.560000
4096	776.720000
Starting reads on all files
Waiting till all child processes complete..
Average time is 743.970833
4096	711.520000
4096	714.240000
4096	704.480000
4096	793.080000
4096	695.520000
4096	718.680000
4096	702.920000
4096	704.920000
4096	706.200000
4096	708.840000
4096	705.080000
4096	712.720000
4096	709.520000
4096	710.080000
4096	698.200000
4096	710.920000
4096	784.600000
4096	779.600000
4096	708.000000
4096	787.560000
4096	790.440000
4096	751.960000
4096	747.560000
4096	705.760000
4096	716.920000
4096	748.480000
4096	782.960000
4096	784.320000
4096	702.120000
4096	778.920000
4096	783.360000
4096	796.120000
4096	785.800000
4096	720.320000
4096	871.960000
4096	56148.920000
4096	792.640000
4096	782.920000
4096	780.760000
4096	794.360000
4096	884.360000
4096	748.520000
4096	699.480000
4096	774.960000
4096	792.680000
4096	795.360000
4096	704.960000
4096	696.320000
Starting reads on all files
Waiting till all child processes complete..
Average time is 1902.706667
4096	713.320000
4096	793.400000
4096	703.440000
4096	5812.760000
4096	709.200000
4096	702.720000
4096	779.800000
4096	705.360000
4096	748.840000
4096	701.440000
4096	708.120000
4096	703.600000
4096	706.240000
4096	773.560000
4096	694.040000
4096	705.720000
4096	697.880000
4096	779.520000
4096	697.280000
4096	752.080000
4096	790.120000
4096	709.720000
4096	744.520000
4096	782.760000
4096	791.280000
4096	737.720000
4096	796.240000
4096	780.200000
4096	787.640000
4096	894.160000
4096	700.760000
4096	776.720000
4096	694.560000
4096	707.760000
4096	714.360000
4096	769.920000
4096	699.000000
4096	717.440000
4096	747.000000
4096	699.640000
4096	24596.440000
4096	706.520000
4096	781.120000
4096	779.640000
4096	785.920000
4096	783.520000
4096	709.280000
4096	707.760000
Starting reads on all files
Waiting till all child processes complete..
Average time is 1343.334167
4096	707.800000
4096	701.640000
4096	703.240000
4096	698.840000
4096	722.880000
4096	782.880000
4096	719.000000
4096	705.440000
4096	707.360000
4096	703.600000
4096	703.640000
4096	719.400000
4096	698.440000
4096	700.800000
4096	706.640000
4096	863.600000
4096	780.760000
4096	702.040000
4096	713.720000
4096	785.760000
4096	784.320000
4096	777.600000
4096	777.280000
4096	803.480000
4096	696.840000
4096	742.600000
4096	715.200000
4096	824.200000
4096	786.240000
4096	707.920000
4096	707.240000
4096	742.600000
4096	777.640000
4096	715.840000
4096	700.440000
4096	786.880000
4096	787.320000
4096	787.160000
4096	777.280000
4096	794.800000
4096	702.800000
4096	738.400000
4096	710.840000
4096	779.120000
4096	699.000000
4096	776.720000
4096	699.680000
4096	698.040000
Starting reads on all files
Waiting till all child processes complete..
Average time is 740.103333
4096	708.480000
4096	779.720000
4096	705.880000
4096	703.640000
4096	1979.240000
4096	6849.920000
4096	710.040000
4096	706.720000
4096	701.840000
4096	710.040000
4096	710.680000
4096	708.400000
4096	712.520000
4096	787.480000
4096	717.600000
4096	782.040000
4096	709.720000
4096	705.640000
4096	794.240000
4096	704.040000
4096	745.200000
4096	791.120000
4096	713.560000
4096	748.200000
4096	708.200000
4096	702.760000
4096	745.560000
4096	754.040000
4096	707.800000
4096	710.400000
4096	705.720000
4096	804.760000
4096	706.720000
4096	696.280000
4096	747.000000
4096	708.000000
4096	745.280000
4096	705.560000
4096	699.400000
4096	740.680000
4096	749.200000
4096	707.800000
4096	750.320000
4096	739.720000
4096	704.000000
4096	704.440000
4096	700.000000
4096	698.480000
Starting reads on all files
Waiting till all child processes complete..
Average time is 879.751667
4096	982.840000
4096	708.760000
4096	699.960000
4096	699.760000
4096	760.080000
4096	731.960000
4096	704.280000
4096	698.320000
4096	707.760000
4096	705.560000
4096	708.440000
4096	777.280000
4096	751.840000
4096	787.560000
4096	755.560000
4096	782.960000
4096	883.000000
4096	700.600000
4096	701.160000
4096	706.720000
4096	703.720000
4096	754.360000
4096	713.560000
4096	728.400000
4096	747.480000
4096	836.960000
4096	785.840000
4096	786.720000
4096	749.920000
4096	702.600000
4096	710.520000
4096	699.000000
4096	768.440000
4096	698.200000
4096	850.760000
4096	721.520000
4096	697.520000
4096	773.160000
4096	808.480000
4096	766.760000
4096	758.960000
4096	836.640000
4096	774.680000
4096	707.560000
4096	757.960000
4096	760.640000
4096	779.000000
4096	785.880000
Starting reads on all files
Waiting till all child processes complete..
Average time is 752.492500
4096	798.000000
4096	696.920000
4096	703.640000
4096	702.800000
4096	707.720000
4096	707.800000
4096	700.280000
4096	707.880000
4096	775.640000
4096	699.960000
4096	982.560000
4096	718.480000
4096	711.840000
4096	781.920000
4096	698.600000
4096	697.360000
4096	709.520000
4096	785.600000
4096	700.760000
4096	711.760000
4096	711.640000
4096	819.000000
4096	783.480000
4096	718.160000
4096	745.400000
4096	701.200000
4096	771.560000
4096	783.400000
4096	705.640000
4096	712.400000
4096	700.920000
4096	715.800000
4096	709.760000
4096	709.720000
4096	744.920000
4096	700.320000
4096	700.000000
4096	699.080000
4096	751.440000
4096	748.960000
4096	750.600000
4096	704.640000
4096	701.400000
4096	702.160000
4096	714.360000
4096	749.800000
4096	786.600000
4096	782.680000
Starting reads on all files
Waiting till all child processes complete..
Average time is 733.835000
4096	700.480000
4096	704.080000
4096	700.080000
4096	714.280000
4096	713.480000
4096	701.200000
4096	709.440000
4096	704.760000
4096	744.720000
4096	861.480000
4096	702.920000
4096	771.840000
4096	789.120000
4096	784.480000
4096	781.880000
4096	776.680000
4096	701.600000
4096	776.640000
4096	760.360000
4096	760.440000
4096	701.040000
4096	712.520000
4096	713.000000
4096	711.960000
4096	752.080000
4096	701.280000
4096	701.680000
4096	709.200000
4096	782.400000
4096	709.040000
4096	696.760000
4096	707.200000
4096	748.440000
4096	711.400000
4096	708.040000
4096	710.760000
4096	706.480000
4096	714.760000
4096	698.720000
4096	695.200000
4096	705.360000
4096	700.880000
4096	703.800000
4096	749.160000
4096	701.520000
4096	711.920000
4096	696.720000
4096	794.920000
Starting reads on all files
Waiting till all child processes complete..
Average time is 727.420833
4096	707.760000
4096	708.040000
4096	697.280000
4096	714.280000
4096	756.360000
4096	708.160000
4096	709.920000
4096	708.600000
4096	752.320000
4096	716.760000
4096	697.160000
4096	701.520000
4096	704.640000
4096	694.160000
4096	697.720000
4096	702.200000
4096	702.560000
4096	809.480000
4096	705.800000
4096	786.120000
4096	790.080000
4096	796.200000
4096	739.200000
4096	701.520000
4096	782.760000
4096	785.320000
4096	709.480000
4096	751.520000
4096	711.600000
4096	773.520000
4096	701.360000
4096	786.120000
4096	705.880000
4096	744.720000
4096	697.040000
4096	741.480000
4096	730.880000
4096	12011.200000
4096	747.640000
4096	702.760000
4096	705.480000
4096	699.320000
4096	708.040000
4096	700.920000
4096	712.120000
4096	780.240000
4096	717.360000
4096	703.920000
Starting reads on all files
Waiting till all child processes complete..
Average time is 962.885833
4096	705.840000
4096	710.480000
4096	715.560000
4096	706.920000
4096	779.160000
4096	724.280000
4096	705.040000
4096	710.200000
4096	712.840000
4096	801.440000
4096	788.840000
4096	707.440000
4096	723.480000
4096	772.480000
4096	700.720000
4096	697.280000
4096	698.920000
4096	715.320000
4096	747.400000
4096	702.440000
4096	795.600000
4096	719.520000
4096	700.440000
4096	700.400000
4096	750.720000
4096	936.360000
4096	776.600000
4096	783.480000
4096	783.120000
4096	783.080000
4096	783.800000
4096	781.040000
4096	786.080000
4096	794.240000
4096	785.720000
4096	789.880000
4096	697.080000
4096	751.880000
4096	746.680000
4096	791.920000
4096	700.880000
4096	699.800000
4096	705.440000
4096	742.600000
4096	706.360000
4096	700.520000
4096	777.600000
4096	706.280000
Starting reads on all files
Waiting till all child processes complete..
Average time is 743.816667
4096	709.160000
4096	703.000000
4096	712.760000
4096	706.760000
4096	698.400000
4096	713.240000
4096	709.480000
4096	757.960000
4096	741.760000
4096	698.320000
4096	697.600000
4096	699.840000
4096	793.040000
4096	778.360000
4096	782.760000
4096	699.400000
4096	750.680000
4096	705.800000
4096	705.520000
4096	782.600000
4096	778.880000
4096	781.240000
4096	775.400000
4096	788.520000
4096	787.280000
4096	783.560000
4096	703.200000
4096	748.520000
4096	789.160000
4096	744.680000
4096	781.240000
4096	784.160000
4096	746.320000
4096	700.240000
4096	811.480000
4096	714.120000
4096	698.400000
4096	704.160000
4096	703.600000
4096	701.560000
4096	700.920000
4096	698.480000
4096	708.920000
4096	706.520000
4096	704.280000
4096	756.280000
4096	706.800000
4096	705.840000
Starting reads on all files
Waiting till all child processes complete..
Average time is 734.587500
4096	703.200000
4096	709.520000
4096	698.600000
4096	718.720000
4096	790.400000
4096	785.560000
4096	778.840000
4096	752.520000
4096	705.720000
4096	706.960000
4096	710.000000
4096	705.440000
4096	716.120000
4096	788.200000
4096	699.840000
4096	704.560000
4096	696.120000
4096	694.080000
4096	702.240000
4096	783.560000
4096	780.920000
4096	712.280000
4096	708.480000
4096	711.160000
4096	708.920000
4096	784.800000
4096	787.040000
4096	745.320000
4096	806.600000
4096	704.240000
4096	764.680000
4096	698.920000
4096	806.000000
4096	709.600000
4096	713.120000
4096	797.800000
4096	796.240000
4096	703.040000
4096	705.280000
4096	777.720000
4096	779.640000
4096	769.480000
4096	712.680000
4096	701.000000
4096	775.280000
4096	790.600000
4096	773.440000
4096	699.240000
Starting reads on all files
Waiting till all child processes complete..
Average time is 739.035833
4096	697.960000
4096	780.520000
4096	776.480000
4096	795.200000
4096	765.080000
4096	779.680000
4096	755.520000
4096	785.760000
4096	785.400000
4096	737.120000
4096	790.120000
4096	782.160000
4096	785.280000
4096	762.080000
4096	703.160000
4096	707.400000
4096	775.320000
4096	714.800000
4096	709.200000
4096	772.880000
4096	726.160000
4096	710.840000
4096	709.440000
4096	699.440000
4096	766.320000
4096	770.360000
4096	711.960000
4096	709.000000
4096	699.160000
4096	701.440000
4096	701.000000
4096	750.880000
4096	703.600000
4096	711.400000
4096	866.760000
4096	789.400000
4096	764.080000
4096	708.120000
4096	705.240000
4096	709.560000
4096	709.920000
4096	706.000000
4096	716.680000
4096	708.520000
4096	701.120000
4096	781.520000
4096	712.280000
4096	762.920000
Starting reads on all files
Waiting till all child processes complete..
Average time is 741.130000
4096	717.600000
4096	729.960000
4096	703.280000
4096	706.760000
4096	718.960000
4096	777.560000
4096	775.480000
4096	701.080000
4096	707.600000
4096	723.840000
4096	716.160000
4096	695.960000
4096	786.640000
4096	710.680000
4096	700.840000
4096	705.760000
4096	709.080000
4096	747.880000
4096	706.960000
4096	700.880000
4096	702.160000
4096	800.240000
4096	790.800000
4096	744.200000
4096	783.560000
4096	785.600000
4096	708.840000
4096	786.960000
4096	747.160000
4096	748.520000
4096	789.280000
4096	744.200000
4096	700.000000
4096	780.520000
4096	695.840000
4096	796.880000
4096	781.280000
4096	750.960000
4096	716.640000
4096	790.920000
4096	789.760000
4096	783.720000
4096	709.960000
4096	699.320000
4096	710.160000
4096	764.200000
4096	712.240000
4096	704.680000
Starting reads on all files
Waiting till all child processes complete..
Average time is 738.782500
4096	711.720000
4096	699.600000
4096	707.680000
4096	697.320000
4096	758.440000
4096	700.600000
4096	704.080000
4096	802.360000
4096	791.560000
4096	705.320000
4096	704.800000
4096	697.680000
4096	745.400000
4096	777.240000
4096	779.680000
4096	706.640000
4096	705.240000
4096	747.680000
4096	751.400000
4096	745.880000
4096	777.440000
4096	797.560000
4096	786.640000
4096	788.960000
4096	773.520000
4096	792.200000
4096	774.000000
4096	710.960000
4096	713.400000
4096	706.000000
4096	697.240000
4096	701.280000
4096	780.120000
4096	696.880000
4096	719.800000
4096	705.960000
4096	698.400000
4096	53744.120000
4096	746.160000
4096	710.360000
4096	713.760000
4096	779.720000
4096	697.080000
4096	710.480000
4096	806.000000
4096	710.520000
4096	703.640000
4096	814.040000
Starting reads on all files
Waiting till all child processes complete..
Average time is 1841.595000
