4096	703.040000
4096	709.360000
4096	701.760000
4096	799.360000
4096	870.480000
4096	877.120000
4096	835.960000
4096	839.120000
4096	703.600000
4096	707.480000
4096	950.640000
4096	716.360000
4096	736.880000
4096	750.440000
4096	704.600000
4096	803.080000
4096	792.720000
4096	891.640000
4096	867.320000
4096	841.720000
4096	780.560000
4096	835.160000
4096	809.240000
4096	797.160000
4096	704.080000
4096	720.400000
4096	700.200000
4096	702.360000
4096	807.680000
4096	699.400000
4096	798.920000
4096	699.680000
Starting reads on all files
Waiting till all child processes complete..
Average time is 776.797500
4096	716.840000
4096	697.760000
4096	711.120000
4096	723.440000
4096	699.120000
4096	700.160000
4096	704.040000
4096	712.240000
4096	742.920000
4096	701.840000
4096	706.880000
4096	724.400000
4096	763.680000
4096	725.160000
4096	697.800000
4096	698.920000
4096	704.120000
4096	794.720000
4096	697.760000
4096	716.640000
4096	753.040000
4096	708.200000
4096	699.680000
4096	710.640000
4096	711.240000
4096	703.120000
4096	803.200000
4096	709.320000
4096	773.520000
4096	752.480000
4096	801.200000
4096	699.160000
Starting reads on all files
Waiting till all child processes complete..
Average time is 723.886250
4096	787.800000
4096	788.040000
4096	703.160000
4096	707.840000
4096	711.360000
4096	702.160000
4096	845.400000
4096	799.720000
4096	700.280000
4096	707.840000
4096	713.280000
4096	814.880000
4096	704.600000
4096	793.800000
4096	703.600000
4096	712.480000
4096	769.800000
4096	711.240000
4096	704.000000
4096	708.080000
4096	751.760000
4096	791.560000
4096	708.280000
4096	700.640000
4096	704.440000
4096	704.000000
4096	746.720000
4096	804.400000
4096	781.880000
4096	790.080000
4096	779.920000
4096	696.080000
Starting reads on all files
Waiting till all child processes complete..
Average time is 742.160000
4096	697.920000
4096	707.720000
4096	709.720000
4096	709.280000
4096	696.720000
4096	697.800000
4096	708.760000
4096	783.360000
4096	838.560000
4096	697.720000
4096	696.120000
4096	708.480000
4096	704.360000
4096	713.600000
4096	811.200000
4096	701.160000
4096	737.160000
4096	746.680000
4096	701.440000
4096	712.240000
4096	847.080000
4096	707.640000
4096	706.120000
4096	709.200000
4096	702.360000
4096	779.920000
4096	700.080000
4096	719.600000
4096	760.680000
4096	717.080000
4096	700.440000
4096	711.320000
Starting reads on all files
Waiting till all child processes complete..
Average time is 726.297500
4096	702.320000
4096	782.920000
4096	793.720000
4096	765.880000
4096	707.040000
4096	700.160000
4096	697.400000
4096	702.960000
4096	710.600000
4096	705.520000
4096	694.320000
4096	705.440000
4096	710.560000
4096	699.120000
4096	706.960000
4096	702.200000
4096	698.760000
4096	746.720000
4096	753.680000
4096	703.960000
4096	740.920000
4096	703.440000
4096	704.240000
4096	763.320000
4096	749.920000
4096	711.960000
4096	739.600000
4096	696.240000
4096	714.320000
4096	691.160000
4096	708.040000
4096	722.640000
Starting reads on all files
Waiting till all child processes complete..
Average time is 719.876250
4096	711.360000
4096	713.800000
4096	697.960000
4096	701.600000
4096	703.440000
4096	710.160000
4096	713.440000
4096	708.440000
4096	712.760000
4096	695.800000
4096	703.400000
4096	831.320000
4096	703.320000
4096	782.040000
4096	706.240000
4096	695.360000
4096	783.160000
4096	700.280000
4096	749.280000
4096	711.720000
4096	783.600000
4096	784.440000
4096	776.760000
4096	789.720000
4096	791.200000
4096	781.240000
4096	789.920000
4096	700.600000
4096	695.960000
4096	707.560000
4096	700.400000
4096	712.600000
Starting reads on all files
Waiting till all child processes complete..
Average time is 732.777500
4096	705.320000
4096	783.200000
4096	701.080000
4096	697.800000
4096	703.640000
4096	704.280000
4096	792.600000
4096	706.480000
4096	709.400000
4096	706.480000
4096	717.480000
4096	764.760000
4096	703.680000
4096	700.880000
4096	815.960000
4096	708.040000
4096	707.880000
4096	707.960000
4096	708.880000
4096	741.400000
4096	767.320000
4096	703.640000
4096	709.840000
4096	696.240000
4096	713.480000
4096	701.200000
4096	698.720000
4096	697.080000
4096	723.840000
4096	700.240000
4096	698.120000
4096	707.160000
Starting reads on all files
Waiting till all child processes complete..
Average time is 718.877500
4096	715.400000
4096	707.040000
4096	697.040000
4096	706.840000
4096	702.760000
4096	707.600000
4096	702.520000
4096	696.520000
4096	696.040000
4096	702.960000
4096	696.160000
4096	712.640000
4096	697.480000
4096	696.400000
4096	703.640000
4096	753.960000
4096	777.520000
4096	709.240000
4096	695.560000
4096	711.640000
4096	717.840000
4096	707.400000
4096	751.560000
4096	756.440000
4096	748.160000
4096	766.800000
4096	711.200000
4096	708.240000
4096	699.680000
4096	703.440000
4096	702.080000
4096	699.280000
Starting reads on all files
Waiting till all child processes complete..
Average time is 714.408750
4096	791.720000
4096	774.760000
4096	772.760000
4096	780.440000
4096	753.320000
4096	706.280000
4096	782.000000
4096	777.160000
4096	782.360000
4096	778.200000
4096	780.160000
4096	792.160000
4096	776.920000
4096	763.480000
4096	708.400000
4096	758.120000
4096	715.520000
4096	707.680000
4096	710.600000
4096	698.840000
4096	781.160000
4096	701.640000
4096	700.000000
4096	708.400000
4096	706.800000
4096	705.600000
4096	701.920000
4096	709.920000
4096	704.280000
4096	704.640000
4096	807.480000
4096	704.800000
Starting reads on all files
Waiting till all child processes complete..
Average time is 742.110000
4096	788.720000
4096	786.200000
4096	744.520000
4096	777.240000
4096	709.600000
4096	743.960000
4096	781.680000
4096	762.880000
4096	770.280000
4096	741.080000
4096	695.000000
4096	702.160000
4096	750.800000
4096	778.360000
4096	712.200000
4096	705.480000
4096	702.120000
4096	771.800000
4096	700.360000
4096	697.880000
4096	695.880000
4096	787.400000
4096	708.160000
4096	770.800000
4096	756.040000
4096	708.760000
4096	703.200000
4096	704.120000
4096	700.800000
4096	710.360000
4096	703.600000
4096	707.760000
Starting reads on all files
Waiting till all child processes complete..
Average time is 733.725000
