512	448.200000
512	443.760000
512	445.880000
512	572.760000
512	477.560000
512	563.440000
512	596.240000
512	441.400000
512	442.080000
512	446.720000
512	477.480000
512	498.280000
512	597.800000
512	606.920000
512	564.280000
512	577.640000
512	617.200000
512	568.600000
512	442.120000
512	479.000000
512	561.200000
512	540.920000
512	604.640000
512	455.880000
512	483.040000
512	567.480000
512	439.360000
512	438.320000
512	565.360000
512	599.440000
512	453.520000
512	457.760000
512	440.320000
512	440.760000
512	567.560000
512	438.040000
512	552.560000
512	548.760000
512	522.920000
512	562.880000
512	560.000000
512	489.440000
512	436.520000
512	440.680000
512	473.800000
512	440.640000
512	449.440000
512	609.320000
512	449.040000
512	570.720000
512	441.920000
512	601.960000
512	447.880000
512	566.720000
512	900.680000
512	469.920000
512	571.200000
512	466.720000
512	575.600000
512	608.880000
512	444.480000
512	559.360000
512	558.720000
512	519.040000
Starting reads on all files
Waiting till all child processes complete..
Average time is 518.761875
512	509.800000
512	516.640000
512	522.520000
512	514.520000
512	498.840000
512	4803.520000
512	439.360000
512	444.000000
512	524.680000
512	545.960000
512	441.960000
512	441.280000
512	518.760000
512	446.800000
512	440.160000
512	438.960000
512	442.480000
512	438.960000
512	440.680000
512	449.560000
512	441.640000
512	519.160000
512	504.440000
512	518.000000
512	441.160000
512	458.440000
512	442.920000
512	442.960000
512	446.960000
512	518.800000
512	511.920000
512	514.160000
512	511.640000
512	440.000000
512	440.920000
512	503.920000
512	447.720000
512	442.880000
512	448.440000
512	526.160000
512	453.000000
512	459.200000
512	495.400000
512	442.920000
512	445.080000
512	511.240000
512	443.760000
512	440.640000
512	510.480000
512	461.080000
512	535.240000
512	440.200000
512	496.640000
512	442.320000
512	513.400000
512	505.920000
512	513.000000
512	446.400000
512	545.000000
512	522.880000
512	484.640000
512	455.920000
512	515.400000
512	446.360000
Starting reads on all files
Waiting till all child processes complete..
Average time is 544.809375
512	447.280000
512	440.080000
512	444.240000
512	446.000000
512	456.520000
512	439.800000
512	445.160000
512	557.720000
512	598.600000
512	561.760000
512	438.120000
512	496.480000
512	440.280000
512	437.400000
512	447.040000
512	442.560000
512	449.520000
512	439.280000
512	443.720000
512	529.320000
512	576.880000
512	564.760000
512	510.680000
512	483.040000
512	565.000000
512	571.280000
512	480.960000
512	445.760000
512	899.080000
512	562.240000
512	564.400000
512	578.760000
512	577.960000
512	442.200000
512	443.960000
512	435.600000
512	578.920000
512	444.520000
512	557.480000
512	488.960000
512	445.920000
512	567.840000
512	440.960000
512	442.720000
512	554.840000
512	444.560000
512	439.360000
512	568.120000
512	444.360000
512	570.000000
512	563.480000
512	455.960000
512	481.720000
512	565.040000
512	567.520000
512	566.600000
512	531.520000
512	455.160000
512	453.720000
512	599.760000
512	516.360000
512	569.840000
512	565.360000
512	550.760000
Starting reads on all files
Waiting till all child processes complete..
Average time is 508.356250
512	434.080000
512	445.080000
512	447.960000
512	441.440000
512	563.640000
512	512.760000
512	451.320000
512	440.960000
512	442.160000
512	438.360000
512	446.360000
512	440.760000
512	509.640000
512	443.200000
512	440.000000
512	435.960000
512	447.280000
512	506.520000
512	444.400000
512	444.640000
512	445.960000
512	443.160000
512	612.160000
512	499.800000
512	457.640000
512	449.680000
512	494.440000
512	506.520000
512	512.960000
512	436.520000
512	443.000000
512	497.400000
512	442.440000
512	492.280000
512	502.720000
512	448.040000
512	439.280000
512	522.040000
512	447.440000
512	446.680000
512	512.560000
512	510.480000
512	513.680000
512	512.080000
512	447.480000
512	442.160000
512	437.000000
512	1297.560000
512	445.880000
512	515.560000
512	594.000000
512	504.440000
512	561.040000
512	441.480000
512	564.080000
512	568.120000
512	447.200000
512	564.600000
512	455.280000
512	446.120000
512	440.000000
512	574.880000
512	583.520000
512	483.080000
Starting reads on all files
Waiting till all child processes complete..
Average time is 493.421250
512	522.360000
512	531.520000
512	516.080000
512	516.000000
512	567.120000
512	572.360000
512	441.160000
512	443.360000
512	445.720000
512	444.120000
512	481.640000
512	440.800000
512	499.760000
512	496.480000
512	520.680000
512	442.080000
512	446.680000
512	439.120000
512	517.240000
512	436.520000
512	452.760000
512	528.120000
512	524.440000
512	502.680000
512	505.000000
512	506.920000
512	446.440000
512	452.040000
512	505.040000
512	450.160000
512	444.200000
512	442.760000
512	500.520000
512	525.680000
512	447.280000
512	444.720000
512	437.040000
512	442.440000
512	523.080000
512	502.360000
512	522.560000
512	445.040000
512	438.960000
512	573.520000
512	447.240000
512	456.680000
512	441.320000
512	442.880000
512	515.120000
512	440.800000
512	518.480000
512	511.280000
512	511.080000
512	503.520000
512	507.000000
512	519.000000
512	439.080000
512	440.440000
512	443.040000
512	454.240000
512	447.200000
512	597.840000
512	439.760000
512	455.440000
Starting reads on all files
Waiting till all child processes complete..
Average time is 481.500000
512	439.440000
512	582.080000
512	442.880000
512	443.520000
512	517.400000
512	524.960000
512	444.040000
512	438.280000
512	439.840000
512	517.840000
512	443.400000
512	455.240000
512	447.960000
512	519.600000
512	450.960000
512	532.640000
512	455.720000
512	515.080000
512	444.960000
512	447.360000
512	532.240000
512	449.960000
512	502.960000
512	439.520000
512	449.280000
512	444.600000
512	439.880000
512	443.400000
512	442.120000
512	513.560000
512	438.960000
512	500.080000
512	438.360000
512	439.680000
512	441.480000
512	498.960000
512	547.320000
512	501.440000
512	446.400000
512	442.720000
512	499.600000
512	446.360000
512	446.280000
512	443.080000
512	440.680000
512	501.080000
512	564.840000
512	529.760000
512	528.680000
512	496.200000
512	518.480000
512	551.680000
512	491.600000
512	523.000000
512	514.040000
512	499.000000
512	549.360000
512	518.080000
512	536.920000
512	523.760000
512	524.760000
512	505.080000
512	510.600000
512	441.040000
Starting reads on all files
Waiting till all child processes complete..
Average time is 483.751250
512	516.760000
512	523.920000
512	514.880000
512	490.320000
512	534.320000
512	518.680000
512	439.200000
512	442.880000
512	524.160000
512	497.360000
512	441.960000
512	453.520000
512	501.000000
512	453.800000
512	439.840000
512	442.080000
512	536.280000
512	447.560000
512	444.480000
512	459.640000
512	446.840000
512	440.280000
512	450.480000
512	440.800000
512	514.200000
512	455.120000
512	455.160000
512	438.320000
512	441.960000
512	499.120000
512	528.840000
512	496.600000
512	524.360000
512	440.520000
512	442.360000
512	441.120000
512	443.960000
512	439.640000
512	453.040000
512	527.600000
512	443.520000
512	514.240000
512	528.960000
512	520.680000
512	450.200000
512	454.080000
512	519.800000
512	453.640000
512	446.040000
512	501.240000
512	440.320000
512	517.800000
512	616.240000
512	515.400000
512	513.840000
512	510.840000
512	499.520000
512	443.680000
512	521.640000
512	518.760000
512	441.760000
512	443.160000
512	440.120000
512	440.520000
Starting reads on all files
Waiting till all child processes complete..
Average time is 478.733750
512	447.080000
512	440.360000
512	441.800000
512	432.360000
512	440.400000
512	446.880000
512	442.280000
512	5472.520000
512	450.960000
512	445.000000
512	447.040000
512	443.920000
512	445.080000
512	440.440000
512	437.320000
512	444.440000
512	440.440000
512	445.680000
512	445.000000
512	453.160000
512	445.680000
512	441.520000
512	440.200000
512	458.720000
512	513.440000
512	445.720000
512	436.120000
512	504.000000
512	502.080000
512	516.800000
512	506.440000
512	523.360000
512	521.200000
512	441.160000
512	442.040000
512	505.800000
512	503.280000
512	492.240000
512	449.760000
512	446.120000
512	435.480000
512	498.880000
512	444.520000
512	522.800000
512	436.920000
512	441.440000
512	437.160000
512	509.440000
512	440.800000
512	441.960000
512	439.920000
512	520.760000
512	516.240000
512	506.880000
512	513.840000
512	509.760000
512	444.800000
512	508.640000
512	443.720000
512	509.800000
512	503.120000
512	1294.880000
512	450.080000
512	571.720000
Starting reads on all files
Waiting till all child processes complete..
Average time is 559.084375
512	538.880000
512	516.320000
512	503.520000
512	519.000000
512	522.600000
512	440.000000
512	525.800000
512	530.440000
512	438.720000
512	439.360000
512	440.480000
512	515.200000
512	445.840000
512	520.200000
512	440.760000
512	442.600000
512	521.080000
512	442.680000
512	451.160000
512	439.680000
512	438.680000
512	443.640000
512	533.360000
512	442.560000
512	439.600000
512	443.320000
512	453.480000
512	440.000000
512	442.920000
512	497.080000
512	508.960000
512	498.680000
512	448.840000
512	496.320000
512	442.880000
512	437.880000
512	440.720000
512	509.320000
512	516.000000
512	527.360000
512	525.280000
512	510.400000
512	511.160000
512	514.960000
512	515.960000
512	447.760000
512	517.320000
512	442.440000
512	449.760000
512	442.280000
512	433.960000
512	454.520000
512	443.280000
512	449.000000
512	438.120000
512	505.280000
512	441.280000
512	514.400000
512	513.480000
512	518.440000
512	441.600000
512	599.680000
512	458.640000
512	513.560000
Starting reads on all files
Waiting till all child processes complete..
Average time is 478.726250
512	577.000000
512	440.600000
512	443.280000
512	573.360000
512	567.960000
512	587.120000
512	451.080000
512	482.520000
512	479.720000
512	592.440000
512	937.680000
512	482.600000
512	441.680000
512	584.720000
512	455.360000
512	567.160000
512	487.920000
512	569.920000
512	455.160000
512	439.160000
512	566.520000
512	572.640000
512	560.280000
512	445.560000
512	484.240000
512	443.480000
512	567.440000
512	565.160000
512	442.120000
512	557.760000
512	452.600000
512	548.880000
512	573.280000
512	511.320000
512	569.320000
512	506.040000
512	564.280000
512	524.440000
512	444.440000
512	449.160000
512	518.960000
512	568.680000
512	556.480000
512	521.480000
512	448.960000
512	564.600000
512	448.040000
512	513.240000
512	519.320000
512	510.760000
512	508.760000
512	443.440000
512	449.920000
512	442.440000
512	446.960000
512	444.320000
512	455.920000
512	438.680000
512	450.440000
512	440.800000
512	444.680000
512	442.000000
512	556.480000
512	448.720000
Starting reads on all files
Waiting till all child processes complete..
Average time is 508.585625
