512	525.440000
512	518.760000
512	509.120000
512	582.880000
512	552.280000
512	563.960000
512	564.640000
512	842.080000
512	472.600000
512	669.080000
512	471.880000
512	604.920000
512	566.400000
512	586.360000
512	444.120000
512	566.560000
Starting reads on all files
Waiting till all child processes complete..
Average time is 565.067500
512	499.680000
512	444.120000
512	442.320000
512	442.840000
512	480.560000
512	439.800000
512	440.200000
512	442.400000
512	440.120000
512	446.280000
512	442.840000
512	444.800000
512	446.960000
512	440.520000
512	454.480000
512	440.600000
Starting reads on all files
Waiting till all child processes complete..
Average time is 449.282500
512	437.320000
512	439.080000
512	436.360000
512	441.600000
512	443.440000
512	513.240000
512	439.240000
512	439.880000
512	438.920000
512	439.400000
512	443.200000
512	524.280000
512	549.600000
512	443.280000
512	446.600000
512	436.720000
Starting reads on all files
Waiting till all child processes complete..
Average time is 457.010000
512	442.200000
512	440.360000
512	450.680000
512	440.040000
512	443.600000
512	443.400000
512	456.320000
512	444.400000
512	444.440000
512	456.840000
512	441.440000
512	441.880000
512	449.640000
512	445.880000
512	443.280000
512	453.120000
Starting reads on all files
Waiting till all child processes complete..
Average time is 446.095000
512	447.400000
512	442.200000
512	438.000000
512	454.920000
512	443.520000
512	446.840000
512	443.400000
512	442.040000
512	442.320000
512	442.880000
512	445.640000
512	443.720000
512	447.440000
512	446.520000
512	448.920000
512	442.240000
Starting reads on all files
Waiting till all child processes complete..
Average time is 444.875000
512	450.320000
512	446.400000
512	444.640000
512	448.000000
512	448.920000
512	460.360000
512	449.680000
512	445.440000
512	439.880000
512	444.120000
512	442.760000
512	446.120000
512	450.800000
512	446.880000
512	448.720000
512	443.520000
Starting reads on all files
Waiting till all child processes complete..
Average time is 447.285000
512	439.600000
512	445.560000
512	438.760000
512	440.920000
512	441.200000
512	458.640000
512	443.160000
512	442.000000
512	448.440000
512	551.840000
512	447.800000
512	451.000000
512	448.880000
512	443.360000
512	451.520000
512	443.120000
Starting reads on all files
Waiting till all child processes complete..
Average time is 452.237500
512	446.480000
512	443.560000
512	452.640000
512	447.320000
512	446.040000
512	444.400000
512	440.800000
512	446.520000
512	439.440000
512	442.200000
512	441.720000
512	438.120000
512	442.720000
512	450.960000
512	440.880000
512	436.320000
Starting reads on all files
Waiting till all child processes complete..
Average time is 443.757500
512	449.480000
512	449.120000
512	596.000000
512	446.520000
512	443.720000
512	449.280000
512	450.800000
512	450.160000
512	445.240000
512	442.440000
512	445.480000
512	442.440000
512	448.080000
512	446.680000
512	445.760000
512	442.560000
Starting reads on all files
Waiting till all child processes complete..
Average time is 455.860000
512	442.680000
512	440.160000
512	442.360000
512	436.760000
512	442.680000
512	447.400000
512	456.480000
512	903.480000
512	436.080000
512	443.440000
512	443.480000
512	449.680000
512	444.120000
512	440.520000
512	450.040000
512	514.360000
Starting reads on all files
Waiting till all child processes complete..
Average time is 477.107500
