512	458.560000
512	438.680000
512	443.760000
512	447.760000
512	445.600000
512	497.120000
512	518.080000
512	540.840000
512	454.640000
512	440.840000
512	466.800000
512	517.200000
512	514.080000
512	530.960000
512	472.560000
512	464.360000
512	512.760000
512	442.800000
512	507.560000
512	555.640000
512	513.280000
512	526.120000
512	463.120000
512	718.520000
512	468.560000
512	528.960000
512	469.040000
512	477.040000
512	468.880000
512	465.400000
512	472.240000
512	475.120000
Starting reads on all files
Waiting till all child processes complete..
Average time is 491.152500
512	438.800000
512	555.440000
512	444.360000
512	452.880000
512	441.160000
512	532.920000
512	444.280000
512	439.960000
512	446.760000
512	441.480000
512	458.480000
512	455.880000
512	444.120000
512	448.840000
512	443.960000
512	442.040000
512	564.840000
512	444.760000
512	443.880000
512	443.200000
512	449.920000
512	448.480000
512	444.120000
512	478.000000
512	436.120000
512	490.560000
512	441.800000
512	484.040000
512	573.560000
512	443.000000
512	480.360000
512	442.480000
Starting reads on all files
Waiting till all child processes complete..
Average time is 463.765000
512	520.520000
512	637.640000
512	514.440000
512	528.360000
512	455.080000
512	443.440000
512	525.840000
512	441.560000
512	439.960000
512	441.360000
512	516.760000
512	519.560000
512	524.200000
512	513.600000
512	514.360000
512	528.720000
512	520.600000
512	447.000000
512	521.000000
512	501.840000
512	527.920000
512	453.400000
512	440.840000
512	520.240000
512	461.240000
512	500.200000
512	441.520000
512	505.080000
512	506.200000
512	556.520000
512	443.920000
512	497.120000
Starting reads on all files
Waiting till all child processes complete..
Average time is 497.188750
512	441.840000
512	566.080000
512	544.720000
512	568.680000
512	451.440000
512	574.960000
512	583.840000
512	441.360000
512	563.840000
512	441.640000
512	445.120000
512	441.840000
512	440.760000
512	563.040000
512	439.920000
512	436.800000
512	454.000000
512	572.360000
512	441.120000
512	596.560000
512	453.520000
512	453.080000
512	498.400000
512	478.400000
512	575.040000
512	576.160000
512	567.000000
512	577.680000
512	569.920000
512	563.600000
512	560.160000
512	437.960000
Starting reads on all files
Waiting till all child processes complete..
Average time is 510.026250
512	510.400000
512	517.640000
512	520.240000
512	507.920000
512	537.760000
512	531.720000
512	520.320000
512	533.120000
512	546.440000
512	513.160000
512	505.440000
512	528.040000
512	527.560000
512	503.400000
512	527.120000
512	438.040000
512	460.160000
512	441.040000
512	522.360000
512	439.520000
512	439.040000
512	448.040000
512	447.680000
512	442.520000
512	442.000000
512	513.160000
512	457.240000
512	546.160000
512	527.200000
512	569.440000
512	560.120000
512	466.640000
Starting reads on all files
Waiting till all child processes complete..
Average time is 499.707500
512	507.800000
512	512.760000
512	520.360000
512	519.760000
512	530.000000
512	526.680000
512	538.880000
512	528.560000
512	445.480000
512	441.560000
512	442.880000
512	441.960000
512	445.120000
512	444.480000
512	452.000000
512	442.760000
512	448.360000
512	456.680000
512	511.560000
512	447.640000
512	459.960000
512	439.400000
512	553.320000
512	561.480000
512	447.160000
512	458.920000
512	441.080000
512	444.320000
512	553.880000
512	514.680000
512	516.640000
512	510.280000
Starting reads on all files
Waiting till all child processes complete..
Average time is 484.575000
512	511.560000
512	505.400000
512	508.600000
512	515.640000
512	524.520000
512	519.280000
512	506.360000
512	439.840000
512	441.160000
512	445.240000
512	449.000000
512	451.600000
512	442.680000
512	441.840000
512	441.000000
512	452.400000
512	444.080000
512	442.160000
512	514.440000
512	441.400000
512	440.680000
512	439.040000
512	446.800000
512	441.240000
512	450.880000
512	465.920000
512	520.720000
512	452.000000
512	452.400000
512	441.400000
512	445.000000
512	450.200000
Starting reads on all files
Waiting till all child processes complete..
Average time is 465.140000
512	520.480000
512	518.120000
512	527.560000
512	508.280000
512	524.320000
512	532.600000
512	523.640000
512	450.480000
512	504.840000
512	520.320000
512	508.520000
512	511.320000
512	440.880000
512	532.360000
512	518.120000
512	513.640000
512	499.040000
512	448.680000
512	525.320000
512	519.040000
512	503.960000
512	523.600000
512	523.760000
512	537.800000
512	442.480000
512	440.160000
512	568.720000
512	505.080000
512	509.240000
512	442.560000
512	453.040000
512	509.840000
Starting reads on all files
Waiting till all child processes complete..
Average time is 503.368750
512	443.760000
512	443.560000
512	452.560000
512	442.000000
512	446.920000
512	444.840000
512	439.280000
512	523.360000
512	539.880000
512	439.960000
512	507.280000
512	510.160000
512	519.040000
512	445.120000
512	647.000000
512	445.800000
512	442.720000
512	444.160000
512	441.720000
512	523.760000
512	500.320000
512	506.520000
512	445.160000
512	525.080000
512	516.320000
512	504.960000
512	449.960000
512	441.640000
512	725.480000
512	452.400000
512	439.320000
512	439.720000
Starting reads on all files
Waiting till all child processes complete..
Average time is 484.055000
512	514.880000
512	509.120000
512	517.640000
512	520.800000
512	516.720000
512	518.200000
512	537.160000
512	514.240000
512	522.040000
512	507.200000
512	513.120000
512	507.520000
512	505.240000
512	524.760000
512	508.440000
512	508.120000
512	517.440000
512	519.520000
512	503.240000
512	521.800000
512	443.520000
512	515.000000
512	542.160000
512	519.920000
512	543.480000
512	527.280000
512	442.440000
512	505.240000
512	444.240000
512	523.960000
512	523.400000
512	513.040000
Starting reads on all files
Waiting till all child processes complete..
Average time is 510.965000
