512	510.200000
512	504.560000
512	504.680000
512	512.560000
512	524.000000
512	616.000000
512	454.240000
512	728.600000
512	456.600000
512	445.360000
512	458.560000
512	534.560000
512	522.600000
512	677.680000
512	504.800000
512	447.400000
512	472.400000
512	514.080000
512	522.760000
512	635.760000
512	536.880000
512	545.560000
512	530.000000
512	537.760000
512	475.280000
512	678.080000
512	508.520000
512	618.040000
512	706.640000
512	597.480000
512	443.680000
512	478.640000
512	449.160000
512	522.320000
512	447.160000
512	593.400000
512	480.400000
512	445.480000
512	476.800000
512	437.680000
512	442.560000
512	604.320000
512	442.040000
512	531.280000
512	451.560000
512	521.560000
512	553.400000
512	513.240000
Starting reads on all files
Waiting till all child processes complete..
Average time is 523.256667
512	518.640000
512	515.400000
512	517.040000
512	522.120000
512	519.480000
512	509.000000
512	513.800000
512	512.440000
512	513.000000
512	449.640000
512	512.400000
512	456.440000
512	516.640000
512	439.080000
512	442.640000
512	445.680000
512	443.760000
512	513.400000
512	443.840000
512	488.720000
512	512.600000
512	498.920000
512	440.600000
512	440.280000
512	439.000000
512	445.760000
512	441.880000
512	451.960000
512	522.480000
512	438.120000
512	449.680000
512	452.560000
512	439.920000
512	443.280000
512	503.120000
512	530.680000
512	451.600000
512	444.760000
512	498.720000
512	513.920000
512	569.000000
512	442.040000
512	440.600000
512	597.720000
512	525.280000
512	437.440000
512	521.640000
512	503.160000
Starting reads on all files
Waiting till all child processes complete..
Average time is 483.122500
512	518.360000
512	512.120000
512	561.560000
512	515.960000
512	528.360000
512	504.040000
512	454.320000
512	507.440000
512	438.280000
512	510.960000
512	525.560000
512	523.400000
512	437.960000
512	522.840000
512	525.160000
512	446.480000
512	452.360000
512	446.320000
512	450.520000
512	505.680000
512	439.160000
512	440.760000
512	442.080000
512	440.560000
512	444.160000
512	442.160000
512	441.120000
512	453.600000
512	506.480000
512	494.800000
512	444.160000
512	442.360000
512	439.600000
512	457.880000
512	442.400000
512	437.600000
512	439.960000
512	448.720000
512	445.800000
512	440.360000
512	497.480000
512	448.400000
512	448.680000
512	457.480000
512	438.280000
512	908.640000
512	442.000000
512	444.080000
Starting reads on all files
Waiting till all child processes complete..
Average time is 478.259167
512	503.800000
512	521.400000
512	518.920000
512	526.800000
512	518.840000
512	521.920000
512	525.040000
512	519.040000
512	501.440000
512	449.160000
512	442.000000
512	446.920000
512	576.760000
512	443.880000
512	449.520000
512	441.640000
512	525.240000
512	440.720000
512	506.640000
512	491.640000
512	443.600000
512	510.280000
512	449.560000
512	498.800000
512	439.800000
512	453.360000
512	507.080000
512	443.400000
512	441.800000
512	446.000000
512	510.800000
512	453.440000
512	545.800000
512	481.840000
512	443.320000
512	495.560000
512	445.160000
512	438.280000
512	460.160000
512	500.560000
512	516.520000
512	441.080000
512	442.120000
512	508.240000
512	525.400000
512	486.000000
512	498.400000
512	443.440000
Starting reads on all files
Waiting till all child processes complete..
Average time is 482.106667
512	439.440000
512	441.000000
512	444.600000
512	449.000000
512	562.320000
512	576.800000
512	563.200000
512	463.680000
512	564.520000
512	533.200000
512	441.200000
512	687.480000
512	445.200000
512	566.920000
512	444.200000
512	571.480000
512	474.560000
512	521.200000
512	444.160000
512	442.960000
512	441.560000
512	434.600000
512	442.240000
512	439.640000
512	441.280000
512	444.760000
512	509.520000
512	511.800000
512	510.240000
512	517.640000
512	489.840000
512	444.760000
512	446.720000
512	500.680000
512	501.000000
512	508.800000
512	507.760000
512	511.480000
512	511.360000
512	728.840000
512	507.960000
512	506.560000
512	515.160000
512	500.880000
512	464.080000
512	516.720000
512	506.040000
512	458.280000
Starting reads on all files
Waiting till all child processes complete..
Average time is 497.860833
512	452.640000
512	438.840000
512	533.000000
512	533.720000
512	567.880000
512	578.480000
512	440.040000
512	566.360000
512	441.680000
512	558.880000
512	442.040000
512	444.440000
512	577.240000
512	563.840000
512	578.240000
512	441.120000
512	481.480000
512	440.760000
512	443.000000
512	446.680000
512	574.800000
512	507.520000
512	568.000000
512	443.680000
512	560.480000
512	441.840000
512	507.720000
512	575.640000
512	482.320000
512	560.280000
512	445.800000
512	440.200000
512	477.520000
512	449.080000
512	451.360000
512	580.640000
512	562.360000
512	440.120000
512	440.760000
512	443.160000
512	553.360000
512	554.000000
512	560.960000
512	441.960000
512	664.400000
512	447.880000
512	458.640000
512	615.840000
Starting reads on all files
Waiting till all child processes complete..
Average time is 504.597500
512	446.720000
512	568.040000
512	448.200000
512	553.600000
512	450.840000
512	441.600000
512	441.000000
512	441.440000
512	504.920000
512	441.360000
512	446.720000
512	442.600000
512	443.160000
512	572.160000
512	442.640000
512	507.520000
512	503.320000
512	519.280000
512	518.000000
512	441.480000
512	506.640000
512	516.200000
512	506.480000
512	509.000000
512	457.680000
512	442.040000
512	444.040000
512	502.920000
512	552.120000
512	526.040000
512	446.800000
512	442.000000
512	495.120000
512	488.960000
512	441.360000
512	508.440000
512	439.160000
512	455.520000
512	462.240000
512	447.960000
512	443.000000
512	454.160000
512	438.560000
512	452.720000
512	509.440000
512	441.320000
512	521.720000
512	439.920000
Starting reads on all files
Waiting till all child processes complete..
Average time is 476.378333
512	515.920000
512	510.120000
512	513.600000
512	443.360000
512	506.880000
512	514.800000
512	510.600000
512	543.200000
512	440.120000
512	574.760000
512	444.320000
512	438.680000
512	443.360000
512	565.480000
512	443.080000
512	455.920000
512	441.800000
512	441.360000
512	445.680000
512	441.480000
512	442.400000
512	448.360000
512	570.320000
512	554.800000
512	481.320000
512	456.040000
512	442.600000
512	507.240000
512	537.640000
512	542.480000
512	510.560000
512	504.600000
512	514.640000
512	517.080000
512	516.840000
512	522.680000
512	564.440000
512	478.680000
512	450.760000
512	493.520000
512	520.280000
512	510.040000
512	448.920000
512	509.960000
512	525.280000
512	501.400000
512	507.920000
512	442.040000
Starting reads on all files
Waiting till all child processes complete..
Average time is 492.861667
512	446.080000
512	502.400000
512	439.800000
512	565.400000
512	443.720000
512	545.560000
512	453.600000
512	452.560000
512	449.640000
512	5550.640000
512	453.400000
512	574.760000
512	443.920000
512	556.200000
512	438.400000
512	568.360000
512	569.800000
512	452.040000
512	443.600000
512	566.680000
512	519.400000
512	443.480000
512	450.920000
512	523.120000
512	445.840000
512	485.160000
512	551.120000
512	595.200000
512	485.320000
512	526.800000
512	454.440000
512	449.800000
512	520.440000
512	524.040000
512	505.320000
512	513.040000
512	517.920000
512	523.520000
512	492.720000
512	506.080000
512	523.920000
512	498.960000
512	521.680000
512	446.400000
512	504.400000
512	451.600000
512	542.240000
512	122666.280000
Starting reads on all files
Waiting till all child processes complete..
Average time is 3148.035833
512	521.440000
512	503.640000
512	499.960000
512	517.800000
512	533.800000
512	444.520000
512	546.920000
512	441.720000
512	443.560000
512	444.200000
512	502.320000
512	526.760000
512	504.120000
512	564.920000
512	511.240000
512	510.960000
512	440.280000
512	573.680000
512	511.440000
512	505.720000
512	522.200000
512	489.680000
512	503.880000
512	570.200000
512	564.000000
512	561.440000
512	566.760000
512	479.000000
512	448.560000
512	437.600000
512	586.480000
512	641.800000
512	484.280000
512	512.360000
512	503.960000
512	551.280000
512	444.680000
512	452.240000
512	565.360000
512	441.880000
512	442.560000
512	463.440000
512	440.280000
512	444.400000
512	568.480000
512	560.280000
512	565.240000
512	438.680000
Starting reads on all files
Waiting till all child processes complete..
Average time is 506.250000
