8192	1269.480000
8192	1198.160000
8192	1057.880000
8192	1113.200000
8192	1410.560000
8192	1205.520000
8192	1232.640000
8192	1044.040000
8192	1060.160000
8192	1140.720000
8192	1407.440000
8192	1216.360000
8192	1205.640000
8192	1207.560000
8192	1314.600000
8192	1426.360000
Starting reads on all files
Waiting till all child processes complete..
Average time is 1219.395000
8192	1324.360000
8192	1060.000000
8192	1200.960000
8192	1054.040000
8192	1061.120000
8192	1050.440000
8192	1149.280000
8192	1132.960000
8192	1357.400000
8192	1151.280000
8192	1287.400000
8192	1134.960000
8192	1136.880000
8192	1295.680000
8192	1137.080000
8192	1053.840000
Starting reads on all files
Waiting till all child processes complete..
Average time is 1161.730000
8192	1049.440000
8192	1145.120000
8192	1176.000000
8192	1065.640000
8192	1056.680000
8192	1052.040000
8192	1177.800000
8192	1348.680000
8192	1181.840000
8192	1132.960000
8192	1292.600000
8192	1163.040000
8192	1150.840000
8192	1317.400000
8192	1137.920000
8192	1143.880000
Starting reads on all files
Waiting till all child processes complete..
Average time is 1161.992500
8192	1137.880000
8192	1309.760000
8192	1065.720000
8192	1200.760000
8192	1060.920000
8192	1137.120000
8192	1063.240000
8192	1046.480000
8192	1047.400000
8192	1067.040000
8192	1321.360000
8192	1143.120000
8192	1130.280000
8192	1341.320000
8192	1165.720000
8192	1140.520000
Starting reads on all files
Waiting till all child processes complete..
Average time is 1148.665000
8192	1049.200000
8192	1046.440000
8192	1052.240000
8192	1126.960000
8192	1129.240000
8192	1060.320000
8192	1330.720000
8192	1132.960000
8192	1286.000000
8192	1168.160000
8192	1154.000000
8192	1143.000000
8192	1179.400000
8192	1138.760000
8192	1311.000000
8192	1167.600000
Starting reads on all files
Waiting till all child processes complete..
Average time is 1154.750000
8192	1054.760000
8192	1321.080000
8192	1293.000000
8192	1137.640000
8192	1181.560000
8192	1045.400000
8192	26831.440000
8192	1057.880000
8192	1053.160000
8192	1303.960000
8192	1137.400000
8192	1257.640000
8192	1159.320000
8192	1049.200000
8192	1150.840000
8192	1140.840000
Starting reads on all files
Waiting till all child processes complete..
Average time is 2760.945000
8192	1058.120000
8192	1052.040000
8192	1060.080000
8192	1048.920000
8192	1068.120000
8192	1315.840000
8192	1141.400000
8192	1130.120000
8192	1157.840000
8192	1142.920000
8192	1145.960000
8192	1302.400000
8192	1063.960000
8192	1308.200000
8192	1145.360000
8192	1143.480000
Starting reads on all files
Waiting till all child processes complete..
Average time is 1142.797500
8192	1098.720000
8192	1053.600000
8192	1296.240000
8192	1158.120000
8192	1167.840000
8192	1059.680000
8192	1066.640000
8192	1049.000000
8192	1326.480000
8192	1065.800000
8192	1310.720000
8192	1137.720000
8192	1153.720000
8192	1136.680000
8192	1159.840000
8192	1135.880000
Starting reads on all files
Waiting till all child processes complete..
Average time is 1148.542500
8192	1128.560000
8192	1048.200000
8192	1157.440000
8192	1138.560000
8192	1133.480000
8192	1295.160000
8192	1066.360000
8192	1144.240000
8192	1144.600000
8192	1142.360000
8192	1145.920000
8192	2176.640000
8192	1056.840000
8192	1324.080000
8192	1142.160000
8192	1314.400000
Starting reads on all files
Waiting till all child processes complete..
Average time is 1222.437500
8192	1063.680000
8192	1056.360000
8192	1061.600000
8192	1052.040000
8192	1062.520000
8192	1316.840000
8192	1153.120000
8192	1128.200000
8192	1287.240000
8192	1158.840000
8192	1147.640000
8192	1150.480000
8192	1148.880000
8192	1286.440000
8192	1044.640000
8192	1324.720000
Starting reads on all files
Waiting till all child processes complete..
Average time is 1152.702500
