8192	1066.440000
8192	1061.680000
8192	1303.320000
8192	1054.360000
8192	1072.240000
8192	1058.640000
8192	1166.640000
8192	1046.000000
8192	1458.040000
8192	1149.400000
8192	1324.120000
8192	1263.200000
8192	1147.600000
8192	1199.360000
8192	1382.400000
8192	1207.080000
8192	1136.200000
8192	1138.480000
8192	1263.880000
8192	1202.840000
8192	1355.240000
8192	1197.320000
8192	1208.520000
8192	1220.480000
8192	1143.960000
8192	1217.080000
8192	1187.080000
8192	1126.400000
8192	1351.560000
8192	1224.080000
8192	1357.320000
8192	1215.200000
Starting reads on all files
Waiting till all child processes complete..
Average time is 1203.317500
8192	1054.160000
8192	1186.200000
8192	1047.320000
8192	1162.160000
8192	1138.480000
8192	1330.960000
8192	1050.200000
8192	1137.160000
8192	1172.600000
8192	1146.480000
8192	1359.560000
8192	1152.640000
8192	1054.640000
8192	1187.840000
8192	1125.840000
8192	1145.600000
8192	1042.720000
8192	1141.080000
8192	1292.240000
8192	1294.440000
8192	1311.280000
8192	1132.040000
8192	1731.520000
8192	1150.320000
8192	1055.000000
8192	1110.520000
8192	1094.360000
8192	1061.120000
8192	1223.120000
8192	1211.000000
8192	1147.400000
8192	1138.520000
Starting reads on all files
Waiting till all child processes complete..
Average time is 1174.641250
8192	1057.400000
8192	1055.640000
8192	1140.800000
8192	1159.160000
8192	1289.480000
8192	1047.280000
8192	1068.720000
8192	1281.200000
8192	1137.240000
8192	1054.360000
8192	1144.400000
8192	1140.760000
8192	1148.960000
8192	1141.680000
8192	1123.880000
8192	1122.960000
8192	1052.520000
8192	1265.280000
8192	1235.920000
8192	1154.440000
8192	1147.360000
8192	1300.960000
8192	1359.320000
8192	1427.520000
8192	1206.000000
8192	1148.440000
8192	1143.920000
8192	1141.600000
8192	1309.360000
8192	1286.680000
8192	1143.880000
8192	1143.560000
Starting reads on all files
Waiting till all child processes complete..
Average time is 1174.396250
8192	1041.200000
8192	1161.640000
8192	1300.160000
8192	1164.480000
8192	1193.680000
8192	1227.280000
8192	1143.680000
8192	1290.400000
8192	1321.360000
8192	1126.520000
8192	1159.120000
8192	1202.480000
8192	1155.920000
8192	1145.760000
8192	1117.720000
8192	1141.200000
8192	1209.120000
8192	1162.800000
8192	1047.120000
8192	1153.360000
8192	1061.320000
8192	1196.360000
8192	1191.080000
8192	1136.840000
8192	1116.920000
8192	1309.160000
8192	1060.920000
8192	1188.600000
8192	1099.120000
8192	1126.080000
8192	1132.320000
8192	1042.720000
Starting reads on all files
Waiting till all child processes complete..
Average time is 1160.201250
8192	1046.600000
8192	1046.640000
8192	1149.200000
8192	1288.240000
8192	1167.240000
8192	1141.240000
8192	1434.600000
8192	1225.200000
8192	1313.800000
8192	1147.120000
8192	1307.120000
8192	1140.680000
8192	1226.760000
8192	1288.480000
8192	1320.320000
8192	1136.040000
8192	1056.840000
8192	1265.480000
8192	1058.320000
8192	1307.520000
8192	1131.400000
8192	1166.480000
8192	1185.840000
8192	1055.920000
8192	1063.360000
8192	1073.200000
8192	1070.920000
8192	5272.720000
8192	1121.280000
8192	1131.320000
8192	1125.680000
8192	1047.880000
Starting reads on all files
Waiting till all child processes complete..
Average time is 1297.295000
8192	1050.000000
8192	1059.880000
8192	1327.000000
8192	1133.200000
8192	1139.920000
8192	1163.440000
8192	1140.440000
8192	1067.680000
8192	1156.640000
8192	1302.000000
8192	1133.200000
8192	1308.120000
8192	1285.800000
8192	1296.560000
8192	1056.360000
8192	1199.600000
8192	1141.000000
8192	1215.880000
8192	1456.840000
8192	1148.480000
8192	1299.120000
8192	1042.280000
8192	1051.200000
8192	1222.040000
8192	1143.720000
8192	1147.440000
8192	1173.560000
8192	1058.120000
8192	1150.160000
8192	1133.560000
8192	1139.920000
8192	1156.680000
Starting reads on all files
Waiting till all child processes complete..
Average time is 1171.870000
8192	1135.720000
8192	1048.320000
8192	1162.560000
8192	1124.600000
8192	1332.000000
8192	1169.400000
8192	1130.360000
8192	1315.560000
8192	1142.960000
8192	1304.920000
8192	1328.120000
8192	1059.520000
8192	1150.120000
8192	1181.400000
8192	1155.400000
8192	1166.400000
8192	1055.880000
8192	1134.000000
8192	1248.240000
8192	1311.760000
8192	1074.360000
8192	1143.120000
8192	1142.800000
8192	1055.160000
8192	1062.600000
8192	1137.880000
8192	1308.560000
8192	1225.920000
8192	74715.800000
8192	1293.360000
8192	1126.320000
8192	1090.000000
Starting reads on all files
Waiting till all child processes complete..
Average time is 3469.785000
8192	1053.000000
8192	1051.040000
8192	1056.400000
8192	1052.480000
8192	1155.720000
8192	1134.000000
8192	1134.920000
8192	1289.000000
8192	1151.640000
8192	1140.040000
8192	1144.400000
8192	1132.760000
8192	1359.600000
8192	1288.400000
8192	1292.200000
8192	1130.000000
8192	1311.960000
8192	1235.160000
8192	1144.200000
8192	1461.560000
8192	1069.240000
8192	1125.840000
8192	1129.360000
8192	1171.280000
8192	1320.320000
8192	1137.880000
8192	1145.320000
8192	1045.800000
8192	1168.280000
8192	1312.040000
8192	1109.280000
8192	1146.560000
Starting reads on all files
Waiting till all child processes complete..
Average time is 1174.990000
8192	1117.520000
8192	1053.600000
8192	1100.840000
8192	5277.000000
8192	1119.400000
8192	1309.280000
8192	1127.600000
8192	1162.480000
8192	1117.760000
8192	1151.040000
8192	1142.280000
8192	1304.800000
8192	1228.320000
8192	1289.760000
8192	1307.640000
8192	1307.400000
8192	1129.680000
8192	1146.440000
8192	1073.600000
8192	1130.760000
8192	1139.280000
8192	1148.480000
8192	1163.440000
8192	1166.320000
8192	1070.960000
8192	1168.560000
8192	1148.280000
8192	1062.320000
8192	1071.840000
8192	1057.920000
8192	1141.800000
8192	1111.440000
Starting reads on all files
Waiting till all child processes complete..
Average time is 1282.745000
8192	1059.880000
8192	1054.160000
8192	1145.880000
8192	1055.840000
8192	1064.640000
8192	1318.320000
8192	1158.160000
8192	1174.080000
8192	1148.040000
8192	1060.960000
8192	1136.000000
8192	1155.480000
8192	1307.080000
8192	1145.040000
8192	1293.680000
8192	1133.480000
8192	1123.880000
8192	1290.640000
8192	1400.240000
8192	1144.080000
8192	1172.280000
8192	1313.520000
8192	1290.320000
8192	1459.120000
8192	1060.080000
8192	1140.320000
8192	1067.560000
8192	1141.560000
8192	1283.280000
8192	1120.680000
8192	1158.680000
8192	1153.720000
Starting reads on all files
Waiting till all child processes complete..
Average time is 1179.083750
