8192	1159.640000
8192	1129.440000
8192	1347.040000
8192	1297.400000
8192	1053.240000
8192	1161.360000
8192	1111.640000
8192	1130.760000
8192	1070.440000
8192	1203.600000
8192	1062.200000
8192	1061.600000
8192	1327.080000
8192	1556.360000
8192	1055.800000
8192	1142.880000
8192	1307.440000
8192	1060.840000
8192	1275.160000
8192	1135.080000
8192	1139.840000
8192	1152.200000
8192	1334.040000
8192	1150.720000
8192	1148.520000
8192	1193.360000
8192	1066.960000
8192	1133.320000
8192	1294.160000
8192	1293.560000
8192	1125.720000
8192	1151.320000
8192	1237.800000
8192	1140.040000
8192	1137.960000
8192	1311.480000
8192	1200.960000
8192	1073.800000
8192	1169.840000
8192	1145.040000
8192	1225.160000
8192	1141.640000
8192	1226.760000
8192	1209.200000
8192	1315.600000
8192	1314.400000
8192	1188.760000
8192	1105.560000
8192	1310.960000
8192	1051.920000
8192	1209.720000
8192	1220.160000
8192	1190.800000
8192	1243.560000
8192	1172.960000
8192	1262.640000
8192	1264.160000
8192	1154.760000
8192	1269.400000
8192	1174.400000
8192	1259.120000
8192	1276.280000
8192	1413.320000
8192	36471.560000
Starting reads on all files
Waiting till all child processes complete..
Average time is 1748.788125
8192	1111.480000
8192	1053.760000
8192	1119.840000
8192	1152.760000
8192	1144.760000
8192	1165.320000
8192	1064.720000
8192	1141.320000
8192	1059.960000
8192	1056.520000
8192	1064.040000
8192	1133.800000
8192	1316.560000
8192	1126.920000
8192	1158.560000
8192	1056.120000
8192	1142.360000
8192	1127.960000
8192	1199.720000
8192	1153.480000
8192	1301.280000
8192	1063.400000
8192	1343.000000
8192	1313.720000
8192	1043.720000
8192	1054.040000
8192	1155.240000
8192	1138.640000
8192	1124.360000
8192	1161.080000
8192	1054.840000
8192	1368.640000
8192	1350.040000
8192	1290.320000
8192	1334.240000
8192	1053.320000
8192	1140.080000
8192	1213.520000
8192	1065.240000
8192	1434.680000
8192	1144.680000
8192	1203.160000
8192	1079.440000
8192	1116.200000
8192	1140.200000
8192	1197.040000
8192	1149.440000
8192	1202.920000
8192	1185.600000
8192	1217.800000
8192	1185.520000
8192	1194.080000
8192	1133.360000
8192	1313.440000
8192	1186.920000
8192	1259.440000
8192	1158.000000
8192	1230.440000
8192	1146.480000
8192	1303.160000
8192	1146.400000
8192	1204.360000
8192	5182.680000
8192	1146.960000
Starting reads on all files
Waiting till all child processes complete..
Average time is 1234.079375
8192	1074.200000
8192	1055.960000
8192	1047.680000
8192	1321.280000
8192	1145.240000
8192	1143.120000
8192	1292.880000
8192	1133.520000
8192	1145.520000
8192	1198.120000
8192	1314.000000
8192	1287.360000
8192	5099.080000
8192	1152.240000
8192	1179.440000
8192	5187.200000
8192	1066.120000
8192	1144.360000
8192	1129.560000
8192	1066.880000
8192	1066.160000
8192	1074.720000
8192	1133.560000
8192	1051.560000
8192	1144.560000
8192	1057.280000
8192	1168.640000
8192	1191.960000
8192	1143.320000
8192	1158.360000
8192	1301.640000
8192	1142.640000
8192	1174.480000
8192	1134.800000
8192	1142.920000
8192	1309.560000
8192	1056.240000
8192	1152.440000
8192	1137.040000
8192	1140.360000
8192	1143.320000
8192	1064.880000
8192	1146.320000
8192	1142.080000
8192	1146.680000
8192	1200.400000
8192	1062.240000
8192	1314.120000
8192	1314.520000
8192	1353.840000
8192	1123.680000
8192	1055.720000
8192	1046.200000
8192	1049.720000
8192	1289.840000
8192	1158.680000
8192	6061.800000
8192	5156.480000
8192	1158.360000
8192	1123.240000
8192	1061.040000
8192	1134.320000
8192	1136.960000
8192	1138.320000
Starting reads on all files
Waiting till all child processes complete..
Average time is 1416.386875
8192	1056.800000
8192	1056.360000
8192	1146.880000
8192	1123.440000
8192	1143.160000
8192	1305.880000
8192	1290.840000
8192	1291.240000
8192	1260.240000
8192	1143.080000
8192	1147.480000
8192	1150.200000
8192	1147.000000
8192	1074.160000
8192	1153.840000
8192	1292.960000
8192	1124.360000
8192	1185.760000
8192	1311.360000
8192	1138.440000
8192	1141.680000
8192	1051.160000
8192	1051.960000
8192	1129.000000
8192	1139.160000
8192	1128.320000
8192	1069.200000
8192	1139.760000
8192	1049.320000
8192	5277.080000
8192	1061.320000
8192	1150.480000
8192	1186.560000
8192	1142.160000
8192	1292.440000
8192	1147.560000
8192	1153.160000
8192	1141.720000
8192	1148.360000
8192	1131.120000
8192	1165.800000
8192	1044.920000
8192	1318.920000
8192	1057.960000
8192	1137.960000
8192	1215.960000
8192	1158.360000
8192	1174.640000
8192	1061.000000
8192	1172.000000
8192	1081.840000
8192	1591.600000
8192	1055.800000
8192	1143.320000
8192	1136.440000
8192	1149.320000
8192	1164.120000
8192	1067.360000
8192	1292.080000
8192	1191.160000
8192	1068.520000
8192	1050.160000
8192	1318.000000
8192	1152.920000
Starting reads on all files
Waiting till all child processes complete..
Average time is 1222.580625
8192	1055.840000
8192	1047.000000
8192	1044.360000
8192	1057.800000
8192	1047.680000
8192	1134.480000
8192	1059.040000
8192	1144.720000
8192	1131.240000
8192	1124.400000
8192	6572.320000
8192	1143.960000
8192	1141.720000
8192	1326.480000
8192	1139.560000
8192	1316.240000
8192	1291.960000
8192	1303.880000
8192	1299.280000
8192	1171.320000
8192	1151.520000
8192	1132.160000
8192	1159.680000
8192	1122.120000
8192	1053.000000
8192	1129.280000
8192	1429.560000
8192	1143.680000
8192	1066.960000
8192	1050.920000
8192	1133.520000
8192	1060.880000
8192	1161.400000
8192	1143.040000
8192	1147.040000
8192	1135.640000
8192	1070.800000
8192	1944.040000
8192	1135.040000
8192	1138.480000
8192	1056.600000
8192	1123.040000
8192	1144.080000
8192	1155.840000
8192	1167.000000
8192	1310.280000
8192	1136.760000
8192	1150.280000
8192	1155.520000
8192	1152.680000
8192	1142.080000
8192	1155.120000
8192	152091.880000
8192	1391.800000
8192	1141.080000
8192	1187.560000
8192	1324.320000
8192	1064.360000
8192	1144.400000
8192	1237.920000
8192	1128.680000
8192	1172.560000
8192	1318.920000
8192	23426.680000
Starting reads on all files
Waiting till all child processes complete..
Average time is 3961.585625
8192	1054.200000
8192	1066.760000
8192	1064.760000
8192	1050.440000
8192	1072.800000
8192	1138.400000
8192	1148.920000
8192	1292.520000
8192	1160.320000
8192	1324.880000
8192	1148.240000
8192	1149.640000
8192	1136.880000
8192	1291.800000
8192	1283.200000
8192	1148.440000
8192	1134.320000
8192	1295.000000
8192	1124.560000
8192	1143.840000
8192	1054.920000
8192	1123.720000
8192	1119.360000
8192	1151.560000
8192	1318.040000
8192	1149.760000
8192	1060.600000
8192	1060.480000
8192	1054.400000
8192	1138.440000
8192	1054.240000
8192	1047.920000
8192	1132.480000
8192	1119.320000
8192	1066.840000
8192	1191.200000
8192	1139.560000
8192	1050.880000
8192	1135.600000
8192	1067.280000
8192	1145.320000
8192	1178.880000
8192	1300.720000
8192	1155.760000
8192	1143.440000
8192	1121.800000
8192	1157.160000
8192	1153.200000
8192	1053.560000
8192	1149.880000
8192	1199.240000
8192	1307.600000
8192	1136.960000
8192	1131.040000
8192	5133.720000
8192	1322.200000
8192	1307.080000
8192	1197.520000
8192	1140.800000
8192	1149.360000
8192	1231.480000
8192	1141.360000
8192	1147.680000
8192	1163.800000
Starting reads on all files
Waiting till all child processes complete..
Average time is 1214.626250
8192	1053.040000
8192	1050.320000
8192	1058.000000
8192	1144.720000
8192	1129.320000
8192	1145.960000
8192	1145.920000
8192	1316.160000
8192	1299.040000
8192	1144.720000
8192	1297.040000
8192	1296.280000
8192	1291.880000
8192	1133.320000
8192	1132.320000
8192	1166.880000
8192	1137.720000
8192	1139.600000
8192	1052.760000
8192	1149.760000
8192	1274.000000
8192	1141.240000
8192	1187.400000
8192	1145.640000
8192	1048.760000
8192	1059.760000
8192	1454.560000
8192	1060.840000
8192	1300.000000
8192	1134.120000
8192	1124.760000
8192	1123.880000
8192	1067.680000
8192	1058.640000
8192	1135.640000
8192	1141.200000
8192	1055.400000
8192	1136.640000
8192	1077.720000
8192	1134.840000
8192	1148.120000
8192	1132.960000
8192	1049.880000
8192	1147.200000
8192	1061.160000
8192	1140.120000
8192	1132.760000
8192	1064.200000
8192	1052.240000
8192	38698.480000
8192	1042.920000
8192	1294.960000
8192	1159.480000
8192	1152.920000
8192	1172.120000
8192	1142.600000
8192	1149.320000
8192	1271.640000
8192	5196.720000
8192	1289.280000
8192	1158.240000
8192	1127.720000
8192	1136.680000
8192	1044.400000
Starting reads on all files
Waiting till all child processes complete..
Average time is 1798.650000
8192	1049.040000
8192	1056.600000
8192	1052.120000
8192	1065.600000
8192	1319.880000
8192	1156.280000
8192	1161.200000
8192	1288.320000
8192	1136.800000
8192	1137.520000
8192	1259.880000
8192	1065.960000
8192	1137.840000
8192	1149.360000
8192	1144.400000
8192	1296.640000
8192	1288.280000
8192	1287.800000
8192	1146.000000
8192	1173.160000
8192	1132.280000
8192	1235.920000
8192	1143.160000
8192	1062.480000
8192	1139.080000
8192	1158.520000
8192	1197.520000
8192	1300.840000
8192	1306.080000
8192	1157.760000
8192	1140.560000
8192	1051.240000
8192	1139.240000
8192	1312.640000
8192	5184.120000
8192	1135.240000
8192	1142.360000
8192	1118.560000
8192	1059.760000
8192	1143.840000
8192	1061.960000
8192	1137.120000
8192	1056.360000
8192	1159.840000
8192	1158.320000
8192	1160.720000
8192	1139.640000
8192	1049.680000
8192	86615.040000
8192	1056.200000
8192	1193.960000
8192	1136.520000
8192	1318.960000
8192	1132.880000
8192	1128.120000
8192	1147.000000
8192	1308.120000
8192	1145.600000
8192	1079.160000
8192	1138.120000
8192	1055.360000
8192	1045.240000
8192	1139.800000
8192	1053.840000
Starting reads on all files
Waiting till all child processes complete..
Average time is 2550.803750
8192	1057.440000
8192	1057.280000
8192	1055.520000
8192	1068.880000
8192	1054.880000
8192	1142.400000
8192	1127.720000
8192	1307.480000
8192	1147.760000
8192	1150.000000
8192	1130.440000
8192	1153.840000
8192	1305.840000
8192	1308.600000
8192	1292.880000
8192	1292.680000
8192	1139.560000
8192	1124.520000
8192	1160.160000
8192	1130.800000
8192	1147.280000
8192	1052.920000
8192	1148.840000
8192	1146.200000
8192	1155.040000
8192	1137.720000
8192	1185.440000
8192	1172.640000
8192	1237.320000
8192	1051.800000
8192	1131.760000
8192	1057.280000
8192	1046.440000
8192	1135.720000
8192	1120.520000
8192	1067.560000
8192	1141.480000
8192	1063.840000
8192	1129.400000
8192	1060.480000
8192	1137.440000
8192	1136.520000
8192	1143.400000
8192	1308.680000
8192	1148.080000
8192	1144.280000
8192	1145.960000
8192	1130.280000
8192	1155.680000
8192	1081.240000
8192	1184.480000
8192	1306.040000
8192	1055.200000
8192	1123.160000
8192	1289.400000
8192	32002.800000
8192	1314.880000
8192	1318.840000
8192	1052.200000
8192	1074.680000
8192	1059.520000
8192	1138.360000
8192	1211.880000
8192	1140.920000
Starting reads on all files
Waiting till all child processes complete..
Average time is 1631.285625
8192	1056.840000
8192	1066.000000
8192	1057.920000
8192	1060.480000
8192	1057.560000
8192	1322.760000
8192	1153.280000
8192	1136.840000
8192	1458.840000
8192	1063.600000
8192	1160.280000
8192	1144.880000
8192	1146.680000
8192	1307.760000
8192	1306.800000
8192	1294.240000
8192	1290.280000
8192	1140.000000
8192	1234.520000
8192	1168.000000
8192	1291.680000
8192	1059.960000
8192	1127.280000
8192	1138.280000
8192	1254.040000
8192	1111.840000
8192	1050.400000
8192	1060.240000
8192	1137.720000
8192	1046.040000
8192	1128.440000
8192	1050.200000
8192	1137.800000
8192	1119.840000
8192	1061.280000
8192	1121.640000
8192	1055.000000
8192	1160.720000
8192	1134.760000
8192	1306.520000
8192	1248.040000
8192	5172.560000
8192	1135.800000
8192	1151.000000
8192	1173.080000
8192	1167.080000
8192	1165.520000
8192	1237.480000
8192	1139.240000
8192	1121.400000
8192	1306.160000
8192	1144.680000
8192	1139.560000
8192	5099.080000
8192	1150.800000
8192	1062.280000
8192	1196.360000
8192	1134.440000
8192	1228.360000
8192	1162.880000
8192	1133.120000
8192	1311.520000
8192	1307.240000
8192	1132.960000
Starting reads on all files
Waiting till all child processes complete..
Average time is 1287.529375
8192	1130.000000
8192	1131.400000
8192	1223.520000
8192	1166.600000
8192	1290.600000
8192	1294.760000
8192	1078.880000
8192	1301.680000
8192	1202.000000
8192	1162.600000
8192	1297.080000
8192	1133.880000
8192	1209.320000
8192	1140.040000
8192	1136.000000
8192	1150.720000
8192	1347.640000
8192	1164.280000
8192	1143.720000
8192	1327.720000
8192	1146.560000
8192	1301.080000
8192	1165.680000
8192	1145.640000
8192	1145.520000
8192	1171.160000
8192	1305.880000
8192	1161.760000
8192	1206.680000
8192	1169.720000
8192	1193.520000
8192	1138.800000
8192	1054.480000
8192	1074.560000
8192	1182.560000
8192	1075.240000
8192	1056.920000
8192	1164.480000
8192	1094.120000
8192	1302.600000
8192	1166.640000
8192	1110.280000
8192	1051.680000
8192	1304.880000
8192	1162.840000
8192	1067.360000
8192	1081.440000
8192	1169.560000
8192	1059.400000
8192	1063.800000
8192	1129.880000
8192	1144.960000
8192	1169.800000
8192	1078.800000
8192	1222.480000
8192	1226.280000
8192	1175.640000
8192	1370.160000
8192	1323.320000
8192	1168.960000
8192	1141.720000
8192	1264.040000
8192	1148.440000
8192	1113.280000
Starting reads on all files
Waiting till all child processes complete..
Average time is 1175.078750
8192	1057.400000
8192	1129.200000
8192	1138.320000
8192	1127.680000
8192	1290.880000
8192	1170.840000
8192	1318.520000
8192	1154.400000
8192	1361.160000
8192	1298.880000
8192	1139.200000
8192	1288.120000
8192	1201.240000
8192	1163.160000
8192	1193.960000
8192	1134.920000
8192	1058.800000
8192	1131.920000
8192	1124.880000
8192	1123.480000
8192	1189.200000
8192	1304.240000
8192	1162.400000
8192	1041.760000
8192	1152.560000
8192	1051.320000
8192	1149.200000
8192	1058.320000
8192	1359.640000
8192	1054.320000
8192	1144.040000
8192	1127.800000
8192	1061.960000
8192	1212.000000
8192	1139.520000
8192	1144.880000
8192	1144.240000
8192	1131.200000
8192	1070.160000
8192	1055.240000
8192	1051.480000
8192	1074.160000
8192	1142.440000
8192	1213.720000
8192	1157.640000
8192	1144.800000
8192	1151.960000
8192	1128.280000
8192	1090.880000
8192	1125.080000
8192	1151.640000
8192	1135.240000
8192	1311.400000
8192	1143.600000
8192	1124.040000
8192	1146.160000
8192	1146.920000
8192	1290.240000
8192	1181.680000
8192	1165.640000
8192	1316.840000
8192	1076.000000
8192	1062.400000
8192	1129.360000
Starting reads on all files
Waiting till all child processes complete..
Average time is 1156.602500
8192	1142.320000
8192	1070.720000
8192	1261.040000
8192	1146.280000
8192	1304.960000
8192	1161.080000
8192	1157.760000
8192	1307.440000
8192	1204.920000
8192	1141.160000
8192	1260.600000
8192	1156.800000
8192	1173.560000
8192	1121.080000
8192	1067.440000
8192	1190.680000
8192	1143.480000
8192	1140.120000
8192	1117.640000
8192	1166.960000
8192	1050.440000
8192	1058.880000
8192	1139.880000
8192	1058.960000
8192	1051.360000
8192	1185.240000
8192	1058.720000
8192	1149.560000
8192	1056.800000
8192	1132.200000
8192	1117.120000
8192	1069.120000
8192	1062.440000
8192	1133.160000
8192	1056.920000
8192	1139.240000
8192	1064.680000
8192	1057.800000
8192	1128.200000
8192	1098.520000
8192	1059.680000
8192	1155.600000
8192	1046.960000
8192	1057.520000
8192	1052.120000
8192	1065.320000
8192	1054.280000
8192	5302.040000
8192	1155.320000
8192	1051.600000
8192	1292.440000
8192	1152.280000
8192	1148.400000
8192	1176.600000
8192	1123.880000
8192	1150.560000
8192	1337.280000
8192	1293.160000
8192	1309.720000
8192	1055.480000
8192	1127.400000
8192	1136.360000
8192	1141.080000
8192	1137.440000
Starting reads on all files
Waiting till all child processes complete..
Average time is 1201.371875
8192	1135.400000
8192	1047.720000
8192	1137.000000
8192	1136.480000
8192	1128.320000
8192	1057.800000
8192	1147.360000
8192	1138.480000
8192	1305.960000
8192	1313.600000
8192	1267.080000
8192	1135.240000
8192	1134.840000
8192	1134.920000
8192	1306.960000
8192	1164.120000
8192	1358.360000
8192	1288.160000
8192	1140.920000
8192	1146.440000
8192	1146.800000
8192	1049.840000
8192	1251.360000
8192	1218.080000
8192	1155.160000
8192	1141.800000
8192	1128.840000
8192	1055.120000
8192	1131.120000
8192	1119.920000
8192	1080.160000
8192	1053.920000
8192	1154.320000
8192	1134.640000
8192	1173.040000
8192	1055.880000
8192	1165.040000
8192	1064.800000
8192	1051.840000
8192	1065.320000
8192	1169.840000
8192	1190.680000
8192	1074.400000
8192	1055.400000
8192	1058.560000
8192	1052.520000
8192	1079.400000
8192	1062.880000
8192	1140.280000
8192	1152.480000
8192	1137.480000
8192	1049.560000
8192	1065.480000
8192	1142.800000
8192	1182.120000
8192	1152.120000
8192	1157.560000
8192	1175.560000
8192	5128.120000
8192	1072.880000
8192	1059.240000
8192	1185.120000
8192	133732.600000
8192	59044.320000
Starting reads on all files
Waiting till all child processes complete..
Average time is 4177.243125
8192	1124.800000
8192	1048.040000
8192	1252.400000
8192	1144.800000
8192	1298.640000
8192	1079.040000
8192	6661.240000
8192	1381.560000
8192	1165.400000
8192	1147.760000
8192	1310.720000
8192	1286.440000
8192	1289.440000
8192	1137.240000
8192	1143.960000
8192	1303.520000
8192	1142.480000
8192	1309.040000
8192	1049.800000
8192	1062.080000
8192	1057.800000
8192	1074.200000
8192	1151.120000
8192	1062.000000
8192	1060.040000
8192	1065.600000
8192	1047.600000
8192	1149.600000
8192	1149.600000
8192	1110.880000
8192	1152.560000
8192	1149.840000
8192	1049.080000
8192	1087.120000
8192	1050.440000
8192	1162.520000
8192	1059.600000
8192	1047.240000
8192	1059.040000
8192	1046.200000
8192	1074.360000
8192	1048.160000
8192	1064.120000
8192	1062.120000
8192	1137.280000
8192	1090.160000
8192	1123.640000
8192	1061.920000
8192	1063.080000
8192	1061.800000
8192	1183.040000
8192	1381.960000
8192	1216.600000
8192	1163.320000
8192	1057.440000
8192	1066.480000
8192	1189.360000
8192	1396.320000
8192	1161.440000
8192	1069.760000
8192	24198.600000
8192	5249.000000
8192	1122.320000
8192	1113.800000
Starting reads on all files
Waiting till all child processes complete..
Average time is 1648.227500
8192	1134.400000
8192	1163.000000
8192	1298.080000
8192	1147.160000
8192	1284.280000
8192	1254.560000
8192	1150.040000
8192	1150.120000
8192	1309.600000
8192	1288.040000
8192	1068.440000
8192	1154.200000
8192	1061.000000
8192	7002.880000
8192	1154.360000
8192	1303.800000
8192	1155.400000
8192	1133.640000
8192	1154.760000
8192	1174.880000
8192	1076.640000
8192	1410.720000
8192	1056.960000
8192	1148.160000
8192	1161.920000
8192	1057.520000
8192	1136.320000
8192	1043.600000
8192	1133.520000
8192	1133.680000
8192	1145.280000
8192	1139.560000
8192	1149.880000
8192	1047.400000
8192	1062.560000
8192	1061.920000
8192	1041.600000
8192	1115.120000
8192	1055.520000
8192	1171.960000
8192	1128.880000
8192	1168.600000
8192	1136.280000
8192	5097.520000
8192	1202.640000
8192	1055.880000
8192	1073.320000
8192	1065.320000
8192	1146.840000
8192	1057.640000
8192	1100.440000
8192	1077.120000
8192	1056.040000
8192	1062.720000
8192	1060.560000
8192	1052.640000
8192	1151.040000
8192	1075.960000
8192	1178.560000
8192	1118.880000
8192	1081.880000
8192	1123.240000
8192	1184.240000
8192	1064.080000
Starting reads on all files
Waiting till all child processes complete..
Average time is 1287.700000
8192	1043.920000
8192	1063.720000
8192	1051.960000
8192	1062.440000
8192	1052.840000
8192	1201.000000
8192	1134.200000
8192	6469.440000
8192	1323.680000
8192	1178.640000
8192	1288.200000
8192	1158.400000
8192	1142.440000
8192	1152.200000
8192	1316.840000
8192	1164.360000
8192	1299.200000
8192	1288.600000
8192	1128.160000
8192	1130.520000
8192	1298.880000
8192	1156.720000
8192	1143.320000
8192	1140.160000
8192	1057.800000
8192	1147.040000
8192	1294.600000
8192	1142.400000
8192	1045.200000
8192	1054.040000
8192	1150.960000
8192	1064.560000
8192	1302.520000
8192	1146.560000
8192	1064.560000
8192	1128.840000
8192	1142.920000
8192	1142.840000
8192	1059.320000
8192	1136.160000
8192	1135.760000
8192	1156.560000
8192	1073.960000
8192	1127.440000
8192	1060.160000
8192	5150.440000
8192	1143.600000
8192	1139.240000
8192	1139.360000
8192	1320.680000
8192	1141.400000
8192	1145.600000
8192	1148.240000
8192	1152.040000
8192	1216.400000
8192	1136.240000
8192	233040.240000
8192	1141.320000
8192	1287.960000
8192	1139.360000
8192	1078.320000
8192	1265.640000
8192	1138.640000
8192	1158.080000
Starting reads on all files
Waiting till all child processes complete..
Average time is 4923.544375
8192	1057.840000
8192	1044.960000
8192	1043.600000
8192	1054.760000
8192	1058.520000
8192	1053.320000
8192	1319.280000
8192	1127.360000
8192	1292.280000
8192	1159.680000
8192	1143.520000
8192	1139.120000
8192	1157.600000
8192	1298.080000
8192	1142.240000
8192	1307.280000
8192	1294.560000
8192	1290.280000
8192	1136.720000
8192	1129.640000
8192	1220.520000
8192	1164.360000
8192	1136.840000
8192	1135.640000
8192	1139.120000
8192	1137.160000
8192	1143.520000
8192	1136.120000
8192	1249.400000
8192	1304.440000
8192	1064.040000
8192	1063.680000
8192	1059.040000
8192	1129.160000
8192	1045.280000
8192	1148.240000
8192	1131.200000
8192	1175.240000
8192	1145.040000
8192	1075.000000
8192	1133.200000
8192	1162.240000
8192	1094.880000
8192	1134.480000
8192	1079.200000
8192	1155.120000
8192	1146.480000
8192	1148.680000
8192	1302.800000
8192	1155.040000
8192	1163.120000
8192	1074.840000
8192	1144.000000
8192	1356.000000
8192	1142.120000
8192	1148.480000
8192	1154.560000
8192	1064.000000
8192	1300.320000
8192	1146.080000
8192	1148.560000
8192	1143.240000
8192	1058.400000
8192	1153.400000
Starting reads on all files
Waiting till all child processes complete..
Average time is 1152.545625
8192	1063.800000
8192	1043.320000
8192	1052.600000
8192	1046.840000
8192	1062.120000
8192	1056.480000
8192	1330.720000
8192	1149.120000
8192	1134.920000
8192	1290.360000
8192	1148.960000
8192	1135.520000
8192	1304.880000
8192	1133.800000
8192	1301.040000
8192	1290.320000
8192	1304.080000
8192	1289.800000
8192	1137.320000
8192	1129.320000
8192	1360.880000
8192	1173.520000
8192	1153.400000
8192	1141.320000
8192	1143.520000
8192	1063.040000
8192	1123.920000
8192	1125.440000
8192	1194.400000
8192	1316.120000
8192	1188.680000
8192	1049.120000
8192	1116.560000
8192	1131.080000
8192	1046.200000
8192	1132.440000
8192	1409.240000
8192	1124.840000
8192	1130.160000
8192	5067.360000
8192	1128.960000
8192	1397.480000
8192	1058.760000
8192	1055.680000
8192	1128.600000
8192	1056.920000
8192	1142.000000
8192	1060.400000
8192	1129.240000
8192	1090.840000
8192	1151.320000
8192	1142.440000
8192	1132.720000
8192	1145.240000
8192	1143.840000
8192	1292.080000
8192	1135.560000
8192	1153.240000
8192	1058.280000
8192	1158.360000
8192	1059.280000
8192	1160.280000
8192	1150.400000
8192	7649.360000
Starting reads on all files
Waiting till all child processes complete..
Average time is 1318.403750
8192	1065.160000
8192	1057.720000
8192	1058.440000
8192	1060.040000
8192	1054.520000
8192	1135.520000
8192	1067.480000
8192	1324.120000
8192	1131.200000
8192	1289.920000
8192	1144.840000
8192	1129.360000
8192	1145.640000
8192	1135.840000
8192	1301.400000
8192	1169.600000
8192	1289.840000
8192	1290.880000
8192	1163.320000
8192	1298.000000
8192	1339.960000
8192	1158.800000
8192	1077.000000
8192	1132.680000
8192	1129.320000
8192	1137.880000
8192	1144.400000
8192	1130.480000
8192	1142.840000
8192	1158.240000
8192	1058.760000
8192	1154.040000
8192	1305.440000
8192	1195.160000
8192	1138.400000
8192	1135.320000
8192	1146.840000
8192	13032.960000
8192	1053.400000
8192	1286.440000
8192	1349.920000
8192	1136.160000
8192	1134.760000
8192	1157.880000
8192	1056.040000
8192	1141.960000
8192	1048.880000
8192	1129.360000
8192	1080.160000
8192	1130.200000
8192	1143.920000
8192	1052.160000
8192	1136.680000
8192	1058.600000
8192	1141.000000
8192	1275.760000
8192	1074.400000
8192	1142.240000
8192	1311.200000
8192	1153.120000
8192	1140.720000
8192	1602.680000
8192	1145.200000
8192	1073.960000
Starting reads on all files
Waiting till all child processes complete..
Average time is 1346.690000
