8192	1280.640000
8192	1123.560000
8192	1316.600000
8192	1069.520000
8192	1138.160000
8192	1066.600000
8192	1153.000000
8192	1120.120000
8192	1451.280000
8192	1205.800000
8192	1150.080000
8192	1172.720000
8192	1199.880000
8192	1053.080000
8192	1125.240000
8192	1053.960000
8192	1138.480000
8192	1272.040000
8192	1387.600000
8192	1247.320000
8192	1395.400000
8192	1164.880000
8192	1157.480000
8192	1250.320000
8192	1404.840000
8192	1145.320000
8192	1253.920000
8192	1256.800000
8192	1133.440000
8192	1143.080000
8192	1387.560000
8192	1363.040000
8192	1184.120000
8192	1262.640000
8192	1213.560000
8192	1207.480000
8192	1189.480000
8192	1366.960000
8192	1219.240000
8192	1362.000000
8192	1440.320000
8192	1171.480000
8192	1207.800000
8192	1256.720000
8192	1348.280000
8192	1210.000000
8192	1682.960000
8192	1120.360000
Starting reads on all files
Waiting till all child processes complete..
Average time is 1233.857500
8192	1045.480000
8192	6690.280000
8192	1299.920000
8192	1122.720000
8192	1154.560000
8192	6779.760000
8192	1136.200000
8192	1143.880000
8192	1137.800000
8192	1153.320000
8192	1442.840000
8192	1083.560000
8192	1052.240000
8192	1124.600000
8192	1129.040000
8192	1240.360000
8192	1165.080000
8192	1150.560000
8192	1113.000000
8192	1051.280000
8192	1147.920000
8192	1060.920000
8192	1149.120000
8192	1132.640000
8192	1134.880000
8192	1147.840000
8192	1138.240000
8192	1149.560000
8192	1150.120000
8192	1154.640000
8192	1131.840000
8192	1218.880000
8192	1199.160000
8192	1306.400000
8192	1326.120000
8192	1166.480000
8192	1322.880000
8192	1070.200000
8192	1142.560000
8192	1101.120000
8192	1298.160000
8192	1157.200000
8192	1306.840000
8192	1186.000000
8192	1058.920000
8192	1130.000000
8192	1053.240000
8192	1300.600000
Starting reads on all files
Waiting till all child processes complete..
Average time is 1397.061667
8192	1052.840000
8192	1055.120000
8192	1052.840000
8192	1059.320000
8192	1340.520000
8192	1147.560000
8192	1140.440000
8192	1293.600000
8192	1141.600000
8192	1135.120000
8192	1305.120000
8192	1142.400000
8192	1291.680000
8192	1297.800000
8192	1137.440000
8192	1131.560000
8192	1300.400000
8192	1134.280000
8192	1135.640000
8192	1068.920000
8192	1128.800000
8192	1507.560000
8192	1244.960000
8192	1312.560000
8192	1062.680000
8192	1146.080000
8192	1047.440000
8192	1301.960000
8192	1147.000000
8192	1136.520000
8192	1064.240000
8192	1140.960000
8192	1058.680000
8192	1056.560000
8192	1052.440000
8192	1119.760000
8192	1051.280000
8192	1051.280000
8192	1129.840000
8192	1183.040000
8192	1141.880000
8192	1201.760000
8192	1147.280000
8192	1169.360000
8192	1136.080000
8192	1167.800000
8192	1298.800000
8192	1162.880000
Starting reads on all files
Waiting till all child processes complete..
Average time is 1161.118333
8192	1042.320000
8192	1062.120000
8192	1054.280000
8192	1311.560000
8192	1303.400000
8192	1166.960000
8192	1139.720000
8192	1146.840000
8192	1297.520000
8192	1441.440000
8192	1131.960000
8192	1163.680000
8192	1148.840000
8192	1136.240000
8192	1124.800000
8192	1304.920000
8192	1132.400000
8192	1068.040000
8192	1048.960000
8192	1169.440000
8192	1130.360000
8192	1145.920000
8192	1128.240000
8192	1058.360000
8192	1054.840000
8192	1131.120000
8192	1119.560000
8192	1297.560000
8192	1241.880000
8192	5162.360000
8192	1068.560000
8192	5172.960000
8192	1133.800000
8192	1059.240000
8192	1721.400000
8192	1049.320000
8192	1150.840000
8192	5179.840000
8192	1061.680000
8192	1313.560000
8192	1153.000000
8192	1163.800000
8192	1141.000000
8192	1049.040000
8192	1143.280000
8192	1069.600000
8192	1313.000000
8192	1139.040000
Starting reads on all files
Waiting till all child processes complete..
Average time is 1415.595833
8192	1051.680000
8192	1045.440000
8192	1049.160000
8192	1054.040000
8192	1154.240000
8192	1137.520000
8192	1165.200000
8192	1319.760000
8192	1141.320000
8192	1317.280000
8192	1292.840000
8192	1132.280000
8192	1127.200000
8192	1161.720000
8192	1144.960000
8192	1150.360000
8192	1149.160000
8192	1138.960000
8192	1215.640000
8192	1134.960000
8192	1294.120000
8192	1126.320000
8192	1040.880000
8192	1354.840000
8192	1051.440000
8192	1126.840000
8192	1116.280000
8192	1072.120000
8192	1139.200000
8192	1142.320000
8192	1290.080000
8192	1068.480000
8192	1207.120000
8192	1146.280000
8192	1315.000000
8192	1276.440000
8192	1059.480000
8192	1062.600000
8192	1141.040000
8192	1128.200000
8192	1158.680000
8192	1051.840000
8192	1131.400000
8192	1142.680000
8192	1306.960000
8192	1293.520000
8192	1292.480000
8192	1142.960000
Starting reads on all files
Waiting till all child processes complete..
Average time is 1161.735833
8192	1049.280000
8192	1049.960000
8192	1054.000000
8192	1055.840000
8192	1132.120000
8192	1050.120000
8192	1327.600000
8192	1141.520000
8192	1127.880000
8192	1292.120000
8192	1157.120000
8192	1153.240000
8192	1147.440000
8192	1143.880000
8192	1306.040000
8192	1143.600000
8192	1289.400000
8192	1299.640000
8192	1192.760000
8192	1163.560000
8192	1143.440000
8192	1268.400000
8192	1057.000000
8192	1140.120000
8192	1134.400000
8192	1144.480000
8192	1195.120000
8192	1310.440000
8192	1155.280000
8192	1147.640000
8192	1318.920000
8192	1131.920000
8192	1136.000000
8192	1058.400000
8192	1137.440000
8192	1073.880000
8192	1057.960000
8192	1082.360000
8192	1306.200000
8192	1162.640000
8192	1147.880000
8192	1063.480000
8192	1300.280000
8192	1169.680000
8192	1064.720000
8192	1046.520000
8192	1133.120000
8192	1134.600000
Starting reads on all files
Waiting till all child processes complete..
Average time is 1156.238333
8192	5098.600000
8192	1051.640000
8192	1056.240000
8192	1059.720000
8192	1319.400000
8192	1141.960000
8192	1050.400000
8192	1301.840000
8192	1137.520000
8192	1155.240000
8192	1147.400000
8192	1305.960000
8192	1292.840000
8192	1286.600000
8192	1291.040000
8192	1124.640000
8192	1158.040000
8192	1130.000000
8192	1058.160000
8192	1123.600000
8192	1310.880000
8192	1152.680000
8192	1134.840000
8192	1368.360000
8192	1193.720000
8192	1153.480000
8192	1348.640000
8192	1139.280000
8192	1139.400000
8192	1052.920000
8192	1166.040000
8192	1065.840000
8192	1157.600000
8192	1130.320000
8192	1130.920000
8192	1053.520000
8192	1128.000000
8192	1070.840000
8192	1127.040000
8192	1180.920000
8192	1164.240000
8192	1152.880000
8192	1057.800000
8192	1143.280000
8192	1141.160000
8192	1165.680000
8192	1310.160000
8192	1129.280000
Starting reads on all files
Waiting till all child processes complete..
Average time is 1245.011667
8192	1056.000000
8192	1043.280000
8192	1048.400000
8192	1053.320000
8192	1295.400000
8192	1050.200000
8192	1147.440000
8192	1126.920000
8192	1170.560000
8192	1150.360000
8192	1143.240000
8192	1141.000000
8192	1314.080000
8192	1303.400000
8192	1290.280000
8192	1137.640000
8192	1303.720000
8192	1289.400000
8192	1276.200000
8192	1122.760000
8192	1145.200000
8192	1271.560000
8192	1138.840000
8192	1135.120000
8192	1157.600000
8192	1063.520000
8192	1144.200000
8192	1248.640000
8192	1052.880000
8192	1054.600000
8192	1049.160000
8192	1163.200000
8192	1140.600000
8192	1142.360000
8192	1049.520000
8192	1060.920000
8192	1141.600000
8192	1054.240000
8192	1138.000000
8192	1053.520000
8192	1224.080000
8192	1128.120000
8192	1139.200000
8192	1070.640000
8192	1048.640000
8192	1121.080000
8192	1071.560000
8192	1117.120000
Starting reads on all files
Waiting till all child processes complete..
Average time is 1141.444167
8192	1139.600000
8192	1054.760000
8192	1050.960000
8192	1063.400000
8192	1067.400000
8192	1144.080000
8192	1130.880000
8192	1296.320000
8192	1067.600000
8192	1150.040000
8192	1158.800000
8192	1139.160000
8192	1425.160000
8192	1354.440000
8192	1294.680000
8192	1304.120000
8192	1200.080000
8192	1164.320000
8192	1154.600000
8192	1130.240000
8192	1134.640000
8192	1131.040000
8192	1128.320000
8192	1358.840000
8192	1204.640000
8192	1308.280000
8192	1159.160000
8192	1055.120000
8192	1141.760000
8192	1049.920000
8192	1138.960000
8192	1173.880000
8192	1165.640000
8192	1068.440000
8192	1137.000000
8192	1154.560000
8192	1168.400000
8192	1327.880000
8192	1162.880000
8192	1063.560000
8192	1330.520000
8192	1119.640000
8192	1156.800000
8192	1144.360000
8192	1147.640000
8192	1303.320000
8192	1185.640000
8192	1131.920000
Starting reads on all files
Waiting till all child processes complete..
Average time is 1171.737500
8192	1061.600000
8192	1050.280000
8192	1059.160000
8192	1052.000000
8192	1070.400000
8192	1369.720000
8192	1142.080000
8192	1248.280000
8192	1163.360000
8192	1289.120000
8192	1166.680000
8192	1142.880000
8192	1140.520000
8192	5158.720000
8192	1303.880000
8192	1430.440000
8192	1289.800000
8192	1288.400000
8192	1133.160000
8192	1129.040000
8192	1158.600000
8192	1137.680000
8192	1145.800000
8192	1142.600000
8192	1055.760000
8192	1134.040000
8192	1129.400000
8192	1132.240000
8192	1201.320000
8192	1136.960000
8192	1056.440000
8192	1046.080000
8192	1057.840000
8192	1163.680000
8192	1141.920000
8192	1306.760000
8192	1059.800000
8192	1289.720000
8192	1052.320000
8192	1206.560000
8192	1311.960000
8192	1323.160000
8192	1135.520000
8192	1053.400000
8192	1134.840000
8192	1132.520000
8192	1114.440000
8192	1075.280000
Starting reads on all files
Waiting till all child processes complete..
Average time is 1244.295000
